2.150311e+00
1.449253e+00
6.087597e-01
1.018204e+00
1.840874e-01
1.232575e-01
8.050291e-01
2.202283e+00
1.427872e+00
1.486769e+00
3.059691e+00
2.521963e-01
1.452026e+00
1.155421e-01
1.511384e-03
4.697198e-01
5.852113e-01
9.600339e-01
6.559810e-01
3.957445e-01
2.157178e-01
5.091674e-02
5.603786e+00
1.915348e+00
3.847008e+00
6.513958e-01
3.788830e-01
4.116184e+00
2.983745e+00
8.600064e-02
9.975734e-01
5.459264e+00
5.889370e-01
3.381748e+00
1.844157e+00
3.966653e+00
9.644299e-01
2.390578e-01
1.667105e+00
4.481676e-01
1.911760e-01
5.922719e-02
1.039175e+00
4.598547e+00
1.451555e+00
1.594893e+00
5.197040e+00
2.572004e+00
4.819839e+00
3.302912e+00
