2.347857e+00
3.590392e+00
7.956157e+00
3.050670e+00
4.893614e+00
7.432991e+00
6.494626e+00
4.381858e+00
1.079481e+00
3.812335e+00
2.857375e+00
6.146040e+00
9.033143e-01
3.768265e+00
2.570697e+00
1.067631e+00
4.378217e+00
7.260439e+00
1.303899e+00
1.033051e+00
2.513416e+00
5.330372e+00
8.682666e+00
3.497287e+00
7.811220e-01
5.308064e+00
3.843480e+00
7.667487e+00
4.605974e+00
7.220724e+00
3.048477e+00
5.141890e+00
2.876099e+00
3.982592e+00
3.097508e+00
1.503125e+00
7.305533e+00
3.860507e+00
2.033277e+00
1.177974e+00
2.018974e+00
4.217055e+00
3.273263e+00
6.801374e+00
4.397047e+00
1.450695e+00
2.916570e+00
2.542378e+00
2.976827e+00
1.990381e+00
4.132829e+00
2.023844e+00
8.000241e-01
1.724696e+00
4.697676e+00
1.322651e+00
3.624594e+00
3.061258e+00
1.136670e+00
8.470321e-01
3.084758e+00
4.439909e+00
2.944582e+00
5.053976e+00
4.136998e+00
1.435164e+00
1.615739e+00
8.498184e+00
2.397491e+00
1.709683e+00
3.185916e+00
7.886845e+00
1.746806e+00
4.758165e+00
4.642489e+00
4.175071e+00
1.839580e+00
5.977651e+00
2.053205e+00
4.601833e+00
6.677444e-01
2.565235e+00
2.646728e+00
1.295823e+00
2.649147e+00
5.122649e+00
9.745862e-01
2.651124e+00
3.411022e+00
1.971628e+00
4.409367e+00
4.383474e+00
8.310831e-01
4.908763e+00
8.319210e+00
4.293591e+00
4.103023e+00
3.631785e+00
7.168988e+00
7.502492e+00
1.062897e+00
2.414147e+00
5.404681e+00
5.737744e+00
1.953432e+00
4.512917e+00
2.919365e+00
4.431653e+00
4.087198e+00
3.814812e+00
4.697275e+00
4.293863e+00
1.277972e+00
6.823855e+00
6.623761e+00
1.516292e+00
3.470544e+00
4.099743e+00
3.278348e+00
6.989530e+00
4.709412e+00
2.463888e+00
3.468468e+00
3.952629e+00
8.594007e-01
5.579659e+00
5.334625e+00
5.544524e+00
1.726712e+00
6.145977e+00
3.751860e+00
3.042982e+00
5.593807e+00
1.780144e+00
1.944327e+00
2.980512e+00
2.973253e+00
2.705331e+00
7.627700e+00
1.793432e+00
5.353850e+00
8.260369e+00
6.977123e+00
6.708087e+00
2.671746e+00
3.641291e+00
4.961281e+00
4.282446e+00
4.325480e+00
1.546612e+00
9.665811e-01
2.019514e+00
1.434109e+00
5.219484e+00
3.515444e+00
3.833454e+00
3.592613e+00
3.327813e+00
2.490821e+00
4.055885e+00
4.476604e+00
1.615941e+00
5.525939e+00
3.188763e+00
1.512285e+00
3.275585e+00
5.962699e+00
2.142867e+00
5.535637e+00
4.415144e+00
6.466092e+00
1.443751e+00
2.598654e+00
3.185833e+00
5.984850e+00
4.905021e+00
9.204025e-01
6.149668e-01
2.795718e+00
1.626028e+00
3.783603e+00
1.600659e+00
1.501838e+00
3.945429e+00
3.029225e+00
5.648183e+00
4.102498e+00
2.069885e+00
7.685450e+00
3.801859e+00
1.725171e+00
2.388573e+00
2.296582e+00
7.760047e+00
4.220600e+00
5.596842e+00
5.549041e+00
1.629142e+00
1.837094e+00
1.395001e+00
2.687617e+00
2.219823e+00
1.352292e+00
1.790499e+00
4.327634e+00
4.907085e+00
3.345221e+00
2.242919e+00
2.162858e+00
9.477350e-01
2.624030e+00
2.793078e+00
7.557025e+00
7.801688e+00
6.290142e+00
4.531329e+00
3.289601e+00
5.865667e+00
4.991907e+00
3.249758e+00
1.959346e+00
2.145170e+00
1.539375e+00
1.397692e+00
4.163786e+00
1.418290e+00
6.153984e+00
3.129070e+00
5.388719e+00
1.421762e+00
2.821434e+00
4.675906e+00
2.767834e+00
8.530129e-01
3.144174e+00
5.639263e+00
2.212512e+00
4.415055e+00
3.958059e+00
1.450784e+00
2.558105e+00
1.836902e+00
3.077290e+00
1.694470e+00
4.468403e+00
3.960694e+00
5.584969e+00
2.432691e+00
8.956414e-01
1.681784e+00
6.332830e+00
2.498376e+00
6.810792e+00
2.196584e+00
5.029052e+00
6.829841e+00
1.087256e+00
3.382082e+00
3.077922e+00
8.726022e+00
1.914040e+00
2.793256e+00
1.914870e+00
3.059031e+00
3.692914e+00
2.198638e+00
3.080631e+00
9.225888e-01
5.930659e+00
5.295976e+00
9.261967e-01
2.405897e+00
1.522044e+00
3.799885e+00
2.510669e+00
4.894474e+00
2.253121e+00
1.557014e+00
9.438987e-01
6.691331e+00
3.976737e+00
5.185640e+00
4.678718e+00
1.480009e+00
7.414364e+00
8.978802e-01
4.573677e+00
4.330367e+00
2.386913e+00
1.311549e+00
5.802885e+00
4.308199e+00
5.819407e+00
2.047399e+00
4.840194e+00
5.916335e+00
8.219623e+00
3.766612e+00
8.029332e+00
3.437009e+00
1.091132e+00
7.402248e+00
2.611584e+00
7.281906e+00
3.127790e+00
3.371070e+00
4.104042e+00
2.666169e+00
1.881077e+00
2.265594e+00
1.942603e+00
4.877022e+00
5.607151e+00
2.483356e+00
3.846805e+00
5.229029e+00
2.450405e+00
6.462641e+00
3.284075e+00
3.111115e+00
4.862827e+00
5.219302e+00
4.948485e+00
3.239973e+00
5.198000e+00
1.853820e+00
3.810508e+00
5.808235e+00
6.401395e+00
4.072005e+00
3.192963e+00
6.377464e+00
3.026275e+00
7.182348e+00
2.467395e+00
2.840816e+00
4.621170e+00
8.013669e-01
3.301824e+00
3.700868e+00
3.859356e+00
3.640589e+00
1.631978e+00
3.109576e+00
2.118006e+00
3.633301e+00
1.910307e+00
1.097416e+00
2.098631e+00
3.854561e+00
2.804641e+00
5.338936e+00
4.561814e+00
4.770871e+00
4.351374e+00
1.743833e+00
1.717807e+00
4.835996e+00
1.957476e+00
4.802668e+00
3.362869e+00
5.049220e+00
9.781147e-01
5.163638e+00
3.089321e+00
6.739764e+00
6.591453e+00
4.807794e+00
4.209753e+00
2.534549e+00
1.967721e+00
6.281279e+00
3.753443e+00
1.631913e+00
5.061716e+00
3.307751e+00
3.743842e+00
3.131084e+00
4.757746e+00
5.451388e+00
1.433145e+00
9.259640e-01
3.859409e+00
7.693804e-01
9.747779e-01
3.840117e+00
5.756166e+00
2.417471e+00
3.727463e+00
4.539748e+00
1.262909e+00
6.412591e+00
2.329248e+00
1.968217e+00
2.764906e+00
6.343969e-01
4.078444e+00
1.819441e+00
5.058468e+00
6.606301e+00
8.046079e-01
2.432164e+00
3.132440e+00
1.280389e+00
4.129045e+00
1.700139e+00
4.232271e+00
3.046122e+00
6.236881e+00
8.395940e+00
5.145267e+00
1.458839e+00
3.381127e+00
3.798679e+00
2.702291e+00
6.992343e+00
5.431038e+00
4.166616e+00
6.678528e+00
6.405414e+00
2.908254e+00
1.612583e+00
1.126229e+00
6.447983e+00
2.847400e+00
4.232381e+00
4.851828e+00
3.533651e+00
4.328054e+00
2.971458e+00
3.537537e+00
5.810956e+00
6.792345e+00
2.894132e+00
4.385874e+00
2.513971e+00
5.096509e+00
6.103553e+00
2.440774e+00
1.312949e+00
3.292316e+00
1.793830e+00
6.134645e+00
2.803379e+00
4.577617e+00
3.393359e+00
2.631124e+00
2.230277e+00
5.367057e+00
1.996894e+00
7.566692e+00
3.357977e+00
2.731293e+00
4.891748e+00
4.127464e+00
5.760553e+00
2.413906e+00
1.740254e+00
3.162332e+00
3.945744e+00
6.153141e+00
4.044568e+00
6.073861e+00
9.079342e-01
2.579215e+00
2.866803e+00
3.537815e+00
1.353513e+00
7.669958e-01
5.036805e+00
3.640135e+00
3.901559e+00
4.561510e+00
6.886696e-01
5.199017e+00
3.021157e+00
9.449413e-01
4.934853e+00
2.335688e+00
4.916536e+00
1.303148e+00
2.523699e+00
6.101596e+00
4.778756e+00
3.551098e+00
5.400778e+00
5.423167e+00
3.694376e+00
6.783806e+00
2.621694e+00
5.066597e+00
3.209899e+00
5.220560e+00
1.378876e+00
1.908687e+00
5.391345e+00
9.392919e-01
1.726352e+00
1.967701e+00
1.889075e+00
1.708426e+00
3.206690e+00
8.797298e-01
5.821790e+00
2.974693e+00
5.234322e+00
6.513621e-01
2.377424e+00
7.100321e+00
2.048639e+00
3.357859e+00
2.380877e+00
5.736975e+00
5.028825e+00
1.685588e+00
7.348620e+00
7.470839e+00
4.232857e+00
1.203245e+00
4.282211e+00
4.606197e+00
5.458502e+00
3.219534e+00
7.659041e+00
6.429507e+00
6.682460e+00
1.487046e+00
1.553803e+00
7.131456e+00
2.317174e+00
1.960738e+00
3.574362e+00
6.457277e+00
2.277902e+00
3.121077e+00
4.290486e+00
2.507747e+00
2.908425e+00
1.744732e+00
2.860119e+00
4.751650e+00
4.406340e+00
2.715355e+00
2.230171e+00
5.391695e+00
4.822030e+00
4.787902e+00
3.893223e+00
6.349887e+00
4.580191e+00
3.721526e+00
7.748886e+00
5.100696e+00
1.108516e+00
3.698110e+00
1.097220e+00
6.446683e+00
1.304328e+00
1.316445e+00
1.733152e+00
3.015351e+00
4.218774e+00
2.598487e+00
1.899380e+00
4.007810e+00
5.605728e+00
4.010684e+00
3.269353e+00
1.194666e+00
3.287429e+00
5.392629e+00
2.594177e+00
2.599610e+00
1.663168e+00
7.309031e+00
4.487630e+00
8.636365e+00
2.977244e+00
1.128676e+00
8.065587e-01
7.769203e+00
4.911705e+00
3.080025e+00
4.064611e+00
1.633039e+00
5.329940e+00
4.748899e+00
6.785492e+00
4.457525e+00
5.845285e+00
2.999277e+00
3.263800e+00
8.010761e-01
6.123237e+00
6.600532e+00
1.678053e+00
4.815345e+00
4.847297e+00
1.054660e+00
2.553784e+00
