

> Exp stats. at 07/06/24-16:03
> Env settings
Mode: FedCS_Nishio
n_clients=600, selected_clients=300, picked_clients=180
rounds=100, n_local_epochs=5, batch_size=100, lag_tol=2
data_dist=('N', 0.3), perf_dist=('X', None), crash_dist=('E', 0.5)
> Env details
client_shard_sizes [ 467  474  454  493  320  218  460  263  370  471  290  354  448  410
  454  322  465  595  631  333  220  351  407  393  527  425  543  551
  454  515  568  430  375  546  505  296  420  383  377  427  484  295
  440  388  667  598  648  658  515  381  443  657  624  376  505  598
  254  148  450  287  474  491  421  257  474  293  465  306  296  651
  414  215  273  238  226  421  374  633  684  507  501  496  290  374
  590  383  234  348  351  476  165  308  290  415  307  461  402  438
  218  351  623  391  441  507  564  335  533  571  374  526  415  680
  454  271  281  695  283  770  157  150  551  564  350  561  384  805
  645  418  566  520  321  485  483  254  421  245  474  584  268  431
  230  466  663  698  404  521  594  358  324  377  500  491  373  440
  415  520  551  475  215  298  624  407  291  520  377  434  532  660
  387  497  377  380  236  660  150  467  134  344  454  483  492  536
  491  287  442  290  668  367  486  325  304  354  467  771  500  631
  311  448  223  381  348  167  318  363  580  368  381  373  460  603
  347  585  495  508  455  340  248  647  457  460  450  300  471  252
  714  344  415  464  431  331  460  468  416  434  496  424  495  500
  184  456  350  527  275  383  234  368  350  707  461  601  338  717
  164  407  437  475  511  414  348  488  398  243  191  497  544  123
  420  430  597  200  294  323  363  441  754  251  333  598  308  417
  420  535  457  323  384  522  367  321  358  387  190  488  555  457
  381  620  425  285  376  454  181  310  417  392  417  570  410  480
  434  435  477  471  477  422  234  341  453  411  370  556  397  581
  508  503  525  471  480  440  310  602  538  347  453  493  545  340
  248  461  467  421  380  487  600  567  251  364  404  413  497  583
  543  784  441  448  597  351  181  321  464  643  537  582  475  480
  516  467  351  424  388  225  511  444  574  234  584  540  350  230
  372  202  365  513  367  434  671  490  567  438  517  423  425  313
  480  340  754  415  444  671  303  606  424  243  537  493  532  404
  494  564  296  357  664  623  136  551  394  502  573  458  343  611
  458  266  460  434  566  554  421  141  327  526  763  404  151  484
  324  414  320  321  490  661  233  446  562  610  435  561  204  303
  397  348  507  311  320  465  451  505  214  373  597  333  318  404
  445  280  473  567  401  245  330  247  523  417  407  471  401  598
  638  276  488  405  460  513  693  258  484  316  248  608  423  321
  456  542  414  435  251  607  250  397  341  494  583  595  475  455
  357  518  437  446  511  711  374  476  331  268  471  180  350  401
  424  478  387  458  324  307  486  522  445  432  317  191  344  437
  556  510  595  361  224  534  554  584  134  553  494  255  414  111
  392  480  574  575  480  623  601  534  360  385  224  633  271  517
  637  371  393  540  520  503  380  463  481  408  614  543  453  260
  402  315  414  631  508  275  254  497  423  281  627  648  310  235
  678  576  613  513  433  590  446  625  463  541  566 1209]
clients_perf_vec [2.347857  3.590392  7.956157  3.05067   4.893614  7.432991  6.494626
 4.381858  1.079481  3.812335  2.857375  6.14604   0.9033143 3.768265
 2.570697  1.067631  4.378217  7.260439  1.303899  1.033051  2.513416
 5.330372  8.682666  3.497287  0.781122  5.308064  3.84348   7.667487
 4.605974  7.220724  3.048477  5.14189   2.876099  3.982592  3.097508
 1.503125  7.305533  3.860507  2.033277  1.177974  2.018974  4.217055
 3.273263  6.801374  4.397047  1.450695  2.91657   2.542378  2.976827
 1.990381  4.132829  2.023844  0.8000241 1.724696  4.697676  1.322651
 3.624594  3.061258  1.13667   0.8470321 3.084758  4.439909  2.944582
 5.053976  4.136998  1.435164  1.615739  8.498184  2.397491  1.709683
 3.185916  7.886845  1.746806  4.758165  4.642489  4.175071  1.83958
 5.977651  2.053205  4.601833  0.6677444 2.565235  2.646728  1.295823
 2.649147  5.122649  0.9745862 2.651124  3.411022  1.971628  4.409367
 4.383474  0.8310831 4.908763  8.31921   4.293591  4.103023  3.631785
 7.168988  7.502492  1.062897  2.414147  5.404681  5.737744  1.953432
 4.512917  2.919365  4.431653  4.087198  3.814812  4.697275  4.293863
 1.277972  6.823855  6.623761  1.516292  3.470544  4.099743  3.278348
 6.98953   4.709412  2.463888  3.468468  3.952629  0.8594007 5.579659
 5.334625  5.544524  1.726712  6.145977  3.75186   3.042982  5.593807
 1.780144  1.944327  2.980512  2.973253  2.705331  7.6277    1.793432
 5.35385   8.260369  6.977123  6.708087  2.671746  3.641291  4.961281
 4.282446  4.32548   1.546612  0.9665811 2.019514  1.434109  5.219484
 3.515444  3.833454  3.592613  3.327813  2.490821  4.055885  4.476604
 1.615941  5.525939  3.188763  1.512285  3.275585  5.962699  2.142867
 5.535637  4.415144  6.466092  1.443751  2.598654  3.185833  5.98485
 4.905021  0.9204025 0.6149668 2.795718  1.626028  3.783603  1.600659
 1.501838  3.945429  3.029225  5.648183  4.102498  2.069885  7.68545
 3.801859  1.725171  2.388573  2.296582  7.760047  4.2206    5.596842
 5.549041  1.629142  1.837094  1.395001  2.687617  2.219823  1.352292
 1.790499  4.327634  4.907085  3.345221  2.242919  2.162858  0.947735
 2.62403   2.793078  7.557025  7.801688  6.290142  4.531329  3.289601
 5.865667  4.991907  3.249758  1.959346  2.14517   1.539375  1.397692
 4.163786  1.41829   6.153984  3.12907   5.388719  1.421762  2.821434
 4.675906  2.767834  0.8530129 3.144174  5.639263  2.212512  4.415055
 3.958059  1.450784  2.558105  1.836902  3.07729   1.69447   4.468403
 3.960694  5.584969  2.432691  0.8956414 1.681784  6.33283   2.498376
 6.810792  2.196584  5.029052  6.829841  1.087256  3.382082  3.077922
 8.726022  1.91404   2.793256  1.91487   3.059031  3.692914  2.198638
 3.080631  0.9225888 5.930659  5.295976  0.9261967 2.405897  1.522044
 3.799885  2.510669  4.894474  2.253121  1.557014  0.9438987 6.691331
 3.976737  5.18564   4.678718  1.480009  7.414364  0.8978802 4.573677
 4.330367  2.386913  1.311549  5.802885  4.308199  5.819407  2.047399
 4.840194  5.916335  8.219623  3.766612  8.029332  3.437009  1.091132
 7.402248  2.611584  7.281906  3.12779   3.37107   4.104042  2.666169
 1.881077  2.265594  1.942603  4.877022  5.607151  2.483356  3.846805
 5.229029  2.450405  6.462641  3.284075  3.111115  4.862827  5.219302
 4.948485  3.239973  5.198     1.85382   3.810508  5.808235  6.401395
 4.072005  3.192963  6.377464  3.026275  7.182348  2.467395  2.840816
 4.62117   0.8013669 3.301824  3.700868  3.859356  3.640589  1.631978
 3.109576  2.118006  3.633301  1.910307  1.097416  2.098631  3.854561
 2.804641  5.338936  4.561814  4.770871  4.351374  1.743833  1.717807
 4.835996  1.957476  4.802668  3.362869  5.04922   0.9781147 5.163638
 3.089321  6.739764  6.591453  4.807794  4.209753  2.534549  1.967721
 6.281279  3.753443  1.631913  5.061716  3.307751  3.743842  3.131084
 4.757746  5.451388  1.433145  0.925964  3.859409  0.7693804 0.9747779
 3.840117  5.756166  2.417471  3.727463  4.539748  1.262909  6.412591
 2.329248  1.968217  2.764906  0.6343969 4.078444  1.819441  5.058468
 6.606301  0.8046079 2.432164  3.13244   1.280389  4.129045  1.700139
 4.232271  3.046122  6.236881  8.39594   5.145267  1.458839  3.381127
 3.798679  2.702291  6.992343  5.431038  4.166616  6.678528  6.405414
 2.908254  1.612583  1.126229  6.447983  2.8474    4.232381  4.851828
 3.533651  4.328054  2.971458  3.537537  5.810956  6.792345  2.894132
 4.385874  2.513971  5.096509  6.103553  2.440774  1.312949  3.292316
 1.79383   6.134645  2.803379  4.577617  3.393359  2.631124  2.230277
 5.367057  1.996894  7.566692  3.357977  2.731293  4.891748  4.127464
 5.760553  2.413906  1.740254  3.162332  3.945744  6.153141  4.044568
 6.073861  0.9079342 2.579215  2.866803  3.537815  1.353513  0.7669958
 5.036805  3.640135  3.901559  4.56151   0.6886696 5.199017  3.021157
 0.9449413 4.934853  2.335688  4.916536  1.303148  2.523699  6.101596
 4.778756  3.551098  5.400778  5.423167  3.694376  6.783806  2.621694
 5.066597  3.209899  5.22056   1.378876  1.908687  5.391345  0.9392919
 1.726352  1.967701  1.889075  1.708426  3.20669   0.8797298 5.82179
 2.974693  5.234322  0.6513621 2.377424  7.100321  2.048639  3.357859
 2.380877  5.736975  5.028825  1.685588  7.34862   7.470839  4.232857
 1.203245  4.282211  4.606197  5.458502  3.219534  7.659041  6.429507
 6.68246   1.487046  1.553803  7.131456  2.317174  1.960738  3.574362
 6.457277  2.277902  3.121077  4.290486  2.507747  2.908425  1.744732
 2.860119  4.75165   4.40634   2.715355  2.230171  5.391695  4.82203
 4.787902  3.893223  6.349887  4.580191  3.721526  7.748886  5.100696
 1.108516  3.69811   1.09722   6.446683  1.304328  1.316445  1.733152
 3.015351  4.218774  2.598487  1.89938   4.00781   5.605728  4.010684
 3.269353  1.194666  3.287429  5.392629  2.594177  2.59961   1.663168
 7.309031  4.48763   8.636365  2.977244  1.128676  0.8065587 7.769203
 4.911705  3.080025  4.064611  1.633039  5.32994   4.748899  6.785492
 4.457525  5.845285  2.999277  3.2638    0.8010761 6.123237  6.600532
 1.678053  4.815345  4.847297  1.05466   2.553784 ]
clients_crash_prob_vec [0.5, 0.5, 0.5, 0.5, 0.5, 0.5, 0.5, 0.5, 0.5, 0.5, 0.5, 0.5, 0.5, 0.5, 0.5, 0.5, 0.5, 0.5, 0.5, 0.5, 0.5, 0.5, 0.5, 0.5, 0.5, 0.5, 0.5, 0.5, 0.5, 0.5, 0.5, 0.5, 0.5, 0.5, 0.5, 0.5, 0.5, 0.5, 0.5, 0.5, 0.5, 0.5, 0.5, 0.5, 0.5, 0.5, 0.5, 0.5, 0.5, 0.5, 0.5, 0.5, 0.5, 0.5, 0.5, 0.5, 0.5, 0.5, 0.5, 0.5, 0.5, 0.5, 0.5, 0.5, 0.5, 0.5, 0.5, 0.5, 0.5, 0.5, 0.5, 0.5, 0.5, 0.5, 0.5, 0.5, 0.5, 0.5, 0.5, 0.5, 0.5, 0.5, 0.5, 0.5, 0.5, 0.5, 0.5, 0.5, 0.5, 0.5, 0.5, 0.5, 0.5, 0.5, 0.5, 0.5, 0.5, 0.5, 0.5, 0.5, 0.5, 0.5, 0.5, 0.5, 0.5, 0.5, 0.5, 0.5, 0.5, 0.5, 0.5, 0.5, 0.5, 0.5, 0.5, 0.5, 0.5, 0.5, 0.5, 0.5, 0.5, 0.5, 0.5, 0.5, 0.5, 0.5, 0.5, 0.5, 0.5, 0.5, 0.5, 0.5, 0.5, 0.5, 0.5, 0.5, 0.5, 0.5, 0.5, 0.5, 0.5, 0.5, 0.5, 0.5, 0.5, 0.5, 0.5, 0.5, 0.5, 0.5, 0.5, 0.5, 0.5, 0.5, 0.5, 0.5, 0.5, 0.5, 0.5, 0.5, 0.5, 0.5, 0.5, 0.5, 0.5, 0.5, 0.5, 0.5, 0.5, 0.5, 0.5, 0.5, 0.5, 0.5, 0.5, 0.5, 0.5, 0.5, 0.5, 0.5, 0.5, 0.5, 0.5, 0.5, 0.5, 0.5, 0.5, 0.5, 0.5, 0.5, 0.5, 0.5, 0.5, 0.5, 0.5, 0.5, 0.5, 0.5, 0.5, 0.5, 0.5, 0.5, 0.5, 0.5, 0.5, 0.5, 0.5, 0.5, 0.5, 0.5, 0.5, 0.5, 0.5, 0.5, 0.5, 0.5, 0.5, 0.5, 0.5, 0.5, 0.5, 0.5, 0.5, 0.5, 0.5, 0.5, 0.5, 0.5, 0.5, 0.5, 0.5, 0.5, 0.5, 0.5, 0.5, 0.5, 0.5, 0.5, 0.5, 0.5, 0.5, 0.5, 0.5, 0.5, 0.5, 0.5, 0.5, 0.5, 0.5, 0.5, 0.5, 0.5, 0.5, 0.5, 0.5, 0.5, 0.5, 0.5, 0.5, 0.5, 0.5, 0.5, 0.5, 0.5, 0.5, 0.5, 0.5, 0.5, 0.5, 0.5, 0.5, 0.5, 0.5, 0.5, 0.5, 0.5, 0.5, 0.5, 0.5, 0.5, 0.5, 0.5, 0.5, 0.5, 0.5, 0.5, 0.5, 0.5, 0.5, 0.5, 0.5, 0.5, 0.5, 0.5, 0.5, 0.5, 0.5, 0.5, 0.5, 0.5, 0.5, 0.5, 0.5, 0.5, 0.5, 0.5, 0.5, 0.5, 0.5, 0.5, 0.5, 0.5, 0.5, 0.5, 0.5, 0.5, 0.5, 0.5, 0.5, 0.5, 0.5, 0.5, 0.5, 0.5, 0.5, 0.5, 0.5, 0.5, 0.5, 0.5, 0.5, 0.5, 0.5, 0.5, 0.5, 0.5, 0.5, 0.5, 0.5, 0.5, 0.5, 0.5, 0.5, 0.5, 0.5, 0.5, 0.5, 0.5, 0.5, 0.5, 0.5, 0.5, 0.5, 0.5, 0.5, 0.5, 0.5, 0.5, 0.5, 0.5, 0.5, 0.5, 0.5, 0.5, 0.5, 0.5, 0.5, 0.5, 0.5, 0.5, 0.5, 0.5, 0.5, 0.5, 0.5, 0.5, 0.5, 0.5, 0.5, 0.5, 0.5, 0.5, 0.5, 0.5, 0.5, 0.5, 0.5, 0.5, 0.5, 0.5, 0.5, 0.5, 0.5, 0.5, 0.5, 0.5, 0.5, 0.5, 0.5, 0.5, 0.5, 0.5, 0.5, 0.5, 0.5, 0.5, 0.5, 0.5, 0.5, 0.5, 0.5, 0.5, 0.5, 0.5, 0.5, 0.5, 0.5, 0.5, 0.5, 0.5, 0.5, 0.5, 0.5, 0.5, 0.5, 0.5, 0.5, 0.5, 0.5, 0.5, 0.5, 0.5, 0.5, 0.5, 0.5, 0.5, 0.5, 0.5, 0.5, 0.5, 0.5, 0.5, 0.5, 0.5, 0.5, 0.5, 0.5, 0.5, 0.5, 0.5, 0.5, 0.5, 0.5, 0.5, 0.5, 0.5, 0.5, 0.5, 0.5, 0.5, 0.5, 0.5, 0.5, 0.5, 0.5, 0.5, 0.5, 0.5, 0.5, 0.5, 0.5, 0.5, 0.5, 0.5, 0.5, 0.5, 0.5, 0.5, 0.5, 0.5, 0.5, 0.5, 0.5, 0.5, 0.5, 0.5, 0.5, 0.5, 0.5, 0.5, 0.5, 0.5, 0.5, 0.5, 0.5, 0.5, 0.5, 0.5, 0.5, 0.5, 0.5, 0.5, 0.5, 0.5, 0.5, 0.5, 0.5, 0.5, 0.5, 0.5, 0.5, 0.5, 0.5, 0.5, 0.5, 0.5, 0.5, 0.5, 0.5, 0.5, 0.5, 0.5, 0.5, 0.5, 0.5, 0.5, 0.5, 0.5, 0.5, 0.5, 0.5, 0.5, 0.5, 0.5, 0.5, 0.5, 0.5, 0.5, 0.5, 0.5, 0.5, 0.5, 0.5, 0.5, 0.5, 0.5, 0.5, 0.5, 0.5, 0.5, 0.5, 0.5, 0.5, 0.5, 0.5, 0.5, 0.5, 0.5, 0.5, 0.5, 0.5, 0.5, 0.5, 0.5, 0.5, 0.5, 0.5, 0.5, 0.5, 0.5, 0.5, 0.5, 0.5, 0.5, 0.5, 0.5, 0.5, 0.5, 0.5, 0.5, 0.5, 0.5, 0.5, 0.5, 0.5, 0.5, 0.5, 0.5, 0.5, 0.5, 0.5, 0.5, 0.5, 0.5, 0.5, 0.5, 0.5, 0.5, 0.5, 0.5]
> Task settings
dataset: tcpdump99, task_type: SVM
in_dim=35, out_dim=1, lr=0.010000
optimizer=SGD, loss_func=svmLoss
Clients futile percent (avg.=0.253):
EUR: 0.148850
SR: 0.300000
VV: 0.000000
Avg. round length: 174.5386811366085
Avg. T_dist: 72.72
Round trace: [1.859333837714885, 1.4921061691585518, 1.1442553316747504, 0.9343839115561633, 0.8180040893550463, 0.7191000066232875, 0.6635813749653671, 0.5993200081718612, 0.5760377865572976, 0.5465116591165915, 0.5219235331505337, 0.5044355731924243, 0.49746770855001754, 0.4868305571499993, 0.48044556346543044, 0.48044556346543044, 0.46802839417052283, 0.4664969643767446, 0.4639425734968287, 0.45441874758870154, 0.45441874758870154, 0.44757122101713054, 0.4408292627339417, 0.4408292627339417, 0.4401746800647605, 0.4313519290362017, 0.4295361178011447, 0.42897002515120164, 0.41812270200796753, 0.41812270200796753, 0.41812270200796753, 0.41812270200796753, 0.41812270200796753, 0.4130445625840458, 0.4086337003381457, 0.4063832047681551, 0.4063832047681551, 0.39957846960975607, 0.39957846960975607, 0.39822011233900145, 0.39822011233900145, 0.3950206843353736, 0.3899644784203378, 0.3899644784203378, 0.3899644784203378, 0.38780662614826433, 0.3865410762056258, 0.3865410762056258, 0.3837598993860824, 0.3837598993860824, 0.3837598993860824, 0.3837598993860824, 0.3837598993860824, 0.3807254987039403, 0.3788251853675359, 0.3788251853675359, 0.3788251853675359, 0.37815730216475923, 0.37815730216475923, 0.37815730216475923, 0.37815730216475923, 0.369466158814586, 0.36867546163100384, 0.36867546163100384, 0.36867546163100384, 0.36867546163100384, 0.36805420502146224, 0.366767582958352, 0.366767582958352, 0.366767582958352, 0.3628928605933354, 0.3591090183355605, 0.3591090183355605, 0.3591090183355605, 0.35750610749820455, 0.3530996424276116, 0.34976466535444517, 0.3472717643497635, 0.3472717643497635, 0.3472717643497635, 0.3472717643497635, 0.3461504178565943, 0.3461504178565943, 0.3461504178565943, 0.3461413532358371, 0.34171539262661577, 0.34148009788712413, 0.33905033129314244, 0.33905033129314244, 0.33905033129314244, 0.33905033129314244, 0.33905033129314244, 0.33905033129314244, 0.33905033129314244, 0.33760613279771573, 0.33760613279771573, 0.33645999057966697, 0.33645999057966697, 0.3336969076690542, 0.3336969076690542]
accuracy trace: [0.8198860067108953, 0.8249344998238007, 0.828519772626289, 0.9000337076930148, 0.8924264942467097, 0.9332051419553526, 0.9067369420993764, 0.9317265999662923, 0.9035270504236445, 0.9290529670430693, 0.941241362403665, 0.9516141388450519, 0.9501739010525994, 0.956616666922028, 0.9582101215009117, 0.9518899290606279, 0.9732483490891262, 0.9707968805062283, 0.9714250693305959, 0.9803499471402087, 0.9753550799025541, 0.98257159054346, 0.9835521779766191, 0.9831001884566473, 0.9835291954586545, 0.9852528843060046, 0.985383118574471, 0.9853371535385417, 0.9857891430585135, 0.9857048738259764, 0.9857048738259764, 0.9857431780225842, 0.9857508388619057, 0.9858887339696937, 0.9859117164876584, 0.9859270381663015, 0.9858504297730859, 0.9859653423629092, 0.9859653423629092, 0.9859653423629092, 0.9859576815235878, 0.9859730032022308, 0.985988324880874, 0.9859730032022308, 0.9859806640415524, 0.9859959857201955, 0.985988324880874, 0.9859806640415524, 0.9859959857201955, 0.9859959857201955, 0.9859959857201955, 0.985988324880874, 0.9859806640415524, 0.9860036465595171, 0.9860036465595171, 0.9860036465595171, 0.985988324880874, 0.9860036465595171, 0.9859959857201955, 0.985988324880874, 0.9860036465595171, 0.9860189682381602, 0.9860189682381602, 0.9860036465595171, 0.9860036465595171, 0.9860036465595171, 0.9860189682381602, 0.9860189682381602, 0.9860036465595171, 0.9860036465595171, 0.9860266290774817, 0.9860266290774817, 0.9860266290774817, 0.9860189682381602, 0.9860266290774817, 0.9860342899168033, 0.9888458179478143, 0.9888688004657791, 0.9888458179478143, 0.9888304962691713, 0.9888611396264575, 0.9888841221444221, 0.9888458179478143, 0.9888381571084928, 0.9888841221444221, 0.9902171081863729, 0.9904392725266981, 0.9907610277782034, 0.9888534787871359, 0.9897268144697933, 0.9903856466514471, 0.9896885102731855, 0.9900102655246908, 0.9907533669388818, 0.990784010296168, 0.9900102655246908, 0.9907993319748112, 0.9907916711354896, 0.990837636171419, 0.990784010296168]
> Pick&crash traces
Extra args(SAFA only): None
Best loss = 0.333697 at round #98
Best accuracy: 0.990837636171419
time trace: [107.57881539067259, 204.29350534253405, 297.99340560433, 407.08620911386834, 518.8025146057726, 619.6871770442116, 733.6871796142315, 849.7234851061356, 968.8223004968082, 1084.41243714814, 1202.0481939545105, 1313.3861176529458, 1436.62242314485, 1559.8182593162999, 1669.017402960307, 1797.17932860725, 1927.2842693833286, 2048.2741520374216, 2179.304908843792, 2314.4669138558143, 2448.3776706621843, 2571.1528942581135, 2708.5888123548066, 2840.7797432254747, 2983.7766688724178, 3127.3554842630906, 3272.597489275113, 3418.654572402371, 3566.776577414393, 3716.636714877842, 3868.9188018151076, 4022.640888752373, 4175.785829528452, 4332.387916465718, 4490.430003402984, 4649.91209034025, 4796.333008408303, 4955.368926504996, 5118.525852151939, 5283.122777798882, 5449.1597034458255, 5614.611273260326, 5783.528198907269, 5944.033504292312, 6115.493641755761, 6286.705211570262, 6446.973681538122, 6619.764438344492, 6786.99081652647, 6967.2885551815425, 7148.370642118808, 7332.214780880505, 7503.80320938867, 7677.757221014201, 7865.921359775897, 8054.203446713163, 8243.280372360106, 8420.11466341307, 8611.43666842509, 8802.958594072034, 8995.920519718977, 9188.871276525348, 9373.649200223783, 9570.927555386892, 9759.795983895057, 9949.851901963111, 10151.453827610054, 10353.293830180073, 10546.409905728442, 10753.348721119113, 10950.604639187166, 11157.039140591685, 11358.353152217216, 11567.667653621735, 11772.334031803712, 11986.089949900404, 12189.819790331881, 12407.25814549499, 12615.076069193427, 12835.901009969506, 13045.681928037558, 13269.386868813637, 13492.826871383657, 13718.905226546765, 13946.427152193708, 14175.385507356817, 14393.20169182504, 14625.040046988148, 14846.883887191147, 15082.84589220317, 15306.835086505494, 15530.875642838937, 15764.438949822701, 15994.814867890755, 16236.233772449528, 16480.210855576788, 16725.01278122373, 16969.16861739518, 17204.131030533594, 17453.86811366085]
