

> Exp stats. at 07/06/24-19:03
> Env settings
Mode: FedCS_Nishio
n_clients=100, selected_clients=10, picked_clients=30
rounds=100, n_local_epochs=5, batch_size=64, lag_tol=2
data_dist=('N', 0.3), perf_dist=('X', None), crash_dist=('E', 0.1)
> Env details
client_shard_sizes [ 588  755  777  510  907 1043  601  625  641  403  594  294  318  793
  871  650  734  864  541  644  814  804  800  734  484  650  618  584
  604  848  831  668  891  858  724  777  954  437  606  466  628  485
  460  657  787  668  717  610  600  824  794  571  753  707  591  503
  307  394  520  748  611  693 1114  773  845  513 1132  605  808  668
 1013  944  521  738  718  787  728  768  587  654  838  547 1070  686
  707  643  746  821 1024  778  514  794  551  768 1088  726  698  797
  455  900]
clients_perf_vec [1.78670685 3.61546758 1.12455469 0.58001036 1.36792602 0.15279714
 4.2241505  0.42158449 0.16065346 0.4094253  0.57891631 2.49422796
 0.24164749 1.1562298  3.61817324 0.38741303 0.42987577 1.62763137
 0.74846368 0.03678731 0.12580169 0.56723018 0.54493015 2.529051
 1.25843537 1.61698604 1.29116229 1.96788972 0.43976902 0.7317974
 0.2755612  2.07847173 0.51381301 0.61815767 0.08571176 1.95765765
 0.54348357 1.01235583 0.57254573 0.52802753 2.6351492  0.01805788
 3.25212072 0.76835511 0.42928828 0.58221052 2.51590266 1.7007469
 0.98772542 0.70120081 1.01698891 0.7497477  0.73633292 0.52409727
 0.38439873 1.5951676  0.16282579 0.53412806 0.62321845 1.89656664
 0.21034192 0.22111594 0.25299746 0.63205981 1.19100348 0.09359625
 1.16459649 0.71654617 0.08017775 0.36412535 0.61846933 0.75289231
 2.1201335  0.46933431 0.31169159 1.63608679 1.49630229 1.01102899
 1.95544789 1.22693535 1.12035177 0.45502743 0.20843671 3.03377596
 1.52294823 0.90123488 0.7960799  3.73915024 1.46963343 0.9302762
 0.20989998 1.28142166 0.75899995 0.1503912  0.78526702 0.52790354
 0.41703746 0.18429105 0.87381381 0.69037624]
clients_crash_prob_vec [0.1, 0.1, 0.1, 0.1, 0.1, 0.1, 0.1, 0.1, 0.1, 0.1, 0.1, 0.1, 0.1, 0.1, 0.1, 0.1, 0.1, 0.1, 0.1, 0.1, 0.1, 0.1, 0.1, 0.1, 0.1, 0.1, 0.1, 0.1, 0.1, 0.1, 0.1, 0.1, 0.1, 0.1, 0.1, 0.1, 0.1, 0.1, 0.1, 0.1, 0.1, 0.1, 0.1, 0.1, 0.1, 0.1, 0.1, 0.1, 0.1, 0.1, 0.1, 0.1, 0.1, 0.1, 0.1, 0.1, 0.1, 0.1, 0.1, 0.1, 0.1, 0.1, 0.1, 0.1, 0.1, 0.1, 0.1, 0.1, 0.1, 0.1, 0.1, 0.1, 0.1, 0.1, 0.1, 0.1, 0.1, 0.1, 0.1, 0.1, 0.1, 0.1, 0.1, 0.1, 0.1, 0.1, 0.1, 0.1, 0.1, 0.1, 0.1, 0.1, 0.1, 0.1, 0.1, 0.1, 0.1, 0.1, 0.1, 0.1]
> Task settings
dataset: data/mnist, task_type: CNN
in_dim=28, out_dim=10, lr=0.001000
optimizer=SGD, loss_func=nllLoss
Clients futile percent (avg.=0.052):
EUR: 0.267400
SR: 0.300000
VV: 0.000000
Avg. round length: 1307.9099242824761
Avg. T_dist: 12.119999999999997
Round trace: [0.5122111554316111, 0.3459570971784137, 0.30435746331512925, 0.28728850212498075, 0.27778581694850607, 0.266881390415132, 0.256703706678003, 0.2509086447549717, 0.2433439899790322, 0.24007546681076994, 0.23480912572961474, 0.23310667641828986, 0.22692653879558752, 0.22563114715190158, 0.2218437742550103, 0.21838333731317622, 0.2161246425538279, 0.2161246425538279, 0.2156059976075554, 0.21287183775721735, 0.21144854380766903, 0.2095033989438698, 0.20655870938518392, 0.2057563617698227, 0.2048951192402857, 0.20444900074441513, 0.20226696451407455, 0.2008300774995947, 0.19933281964422866, 0.19857785216417337, 0.19796170858009937, 0.19575774580253552, 0.19575774580253552, 0.1954977840034823, 0.19470866131108427, 0.19409203428034447, 0.19379379004071506, 0.19098731274295241, 0.19098731274295241, 0.1897704208209401, 0.18916873843023285, 0.18894205000586362, 0.18810548202751112, 0.18700438132389843, 0.18574811891373244, 0.18524634469145285, 0.1848724692755467, 0.1843398271827692, 0.18402858649586723, 0.18360186007228632, 0.18305405617944362, 0.18305405617944362, 0.1821648010700231, 0.18148419151036066, 0.18099129354381666, 0.18045096517824344, 0.17961812622073503, 0.17899840534695732, 0.17880255729578698, 0.1784480317519046, 0.17823027824994084, 0.17823027824994084, 0.17746836016772843, 0.17745140421284095, 0.17722399873656794, 0.1769617967021518, 0.17635007228893004, 0.17585247583163988, 0.17585247583163988, 0.17555493778493697, 0.1750748090706322, 0.1750748090706322, 0.1750748090706322, 0.1746051896263712, 0.17411530752950125, 0.17295900458279284, 0.17295900458279284, 0.17286817464063917, 0.17286817464063917, 0.17268429735067875, 0.1719782178038731, 0.1719782178038731, 0.1719782178038731, 0.1719782178038731, 0.1719782178038731, 0.17166728621437433, 0.17132442569750403, 0.17086229918271834, 0.17086229918271834, 0.17043476613619848, 0.17034832508502792, 0.17034832508502792, 0.17034832508502792, 0.17034832508502792, 0.17034832508502792, 0.17017596505914945, 0.17015428274448605, 0.17015428274448605, 0.16966291878257123, 0.16862747182160437]
accuracy trace: [0.6218, 0.7349, 0.7673, 0.7809, 0.7896, 0.7982, 0.8074, 0.8142, 0.8213, 0.8229, 0.8275, 0.8296, 0.8327, 0.8318, 0.8347, 0.8369, 0.8403, 0.8369, 0.8392, 0.8416, 0.842, 0.8424, 0.8457, 0.8462, 0.8478, 0.8459, 0.8486, 0.8493, 0.8507, 0.8525, 0.8523, 0.8546, 0.8543, 0.856, 0.8553, 0.8562, 0.8554, 0.8573, 0.8566, 0.8575, 0.8605, 0.8594, 0.8599, 0.8623, 0.865, 0.8653, 0.8638, 0.8634, 0.8637, 0.8649, 0.8659, 0.8651, 0.8673, 0.8656, 0.8668, 0.8664, 0.8683, 0.8701, 0.8692, 0.8696, 0.8697, 0.8684, 0.8705, 0.8712, 0.8697, 0.8705, 0.8704, 0.8716, 0.8704, 0.8702, 0.8712, 0.8717, 0.8714, 0.8704, 0.8734, 0.8744, 0.8723, 0.8743, 0.8737, 0.8728, 0.875, 0.8741, 0.8732, 0.8751, 0.8759, 0.8752, 0.875, 0.8748, 0.8712, 0.8742, 0.8749, 0.8755, 0.8747, 0.875, 0.8764, 0.876, 0.8762, 0.8759, 0.8761, 0.8779]
> Pick&crash traces
Extra args(SAFA only): None
Best loss = 0.168627 at round #99
Best accuracy: 0.8779
time trace: [834.2821739772126, 1668.587003898785, 3825.398463305537, 5983.125986667939, 6433.920663261015, 7861.159144224857, 10019.950664835282, 10463.024272446899, 10914.544438463547, 11417.610441179913, 13577.710030011709, 15737.701550622132, 17897.933071232557, 18621.088609596427, 19458.084760919777, 20049.557270403035, 20409.212120970707, 20955.80472456075, 21680.16026292462, 22518.14502457224, 22963.638315290464, 24395.056793534328, 26557.34431689673, 28720.215837507156, 29444.954665761834, 30876.99314672568, 31602.560043201727, 32442.67619452508, 34606.40371788748, 35446.99986921083, 36172.15863626183, 38337.298225093626, 39178.827723404516, 41344.79952412699, 42186.80902243788, 43621.247503401726, 44348.52233440838, 46514.753855018804, 47357.938684940375, 48793.00109922859, 49521.23593023524, 51688.08345359765, 53855.17097696005, 54245.318657950025, 56412.546184032406, 58579.67764343916, 59132.96189151181, 59861.868454722535, 62029.38771028901, 62874.9972085999, 65042.66805694142, 67210.90731250789, 69379.38656807436, 71547.77741641589, 72986.4398307041, 74425.67831166794, 75272.54307331557, 77441.56924633241, 79611.16009467393, 80342.29357533502, 82511.71874167492, 83359.99489299828, 85530.5457413398, 87700.6909076797, 88433.67747089044, 90604.94831923196, 92046.8268001958, 92458.48375754172, 93061.80437676689, 95234.03522510841, 96084.47137643176, 96551.58285150932, 97402.71234982021, 98254.29717974178, 99106.12200966336, 99841.42016564914, 102015.6594212156, 104189.48559423245, 105042.05509254335, 105779.30992626998, 107224.2123405582, 107830.9404648147, 109276.65894577854, 111451.28671225811, 111968.8544640999, 112576.54258835642, 112825.63431077622, 114271.88452122416, 116448.350694241, 118624.73586058091, 119096.88793159743, 119660.97217967009, 121108.09398289307, 123285.43914923297, 124732.71627713129, 125589.7984511085, 127037.23457232986, 128484.5932936909, 129932.50941491226, 130790.99242824761]


> Exp stats. at 07/06/24-19:52
> Env settings
Mode: FedCS_Nishio
n_clients=100, selected_clients=10, picked_clients=30
rounds=100, n_local_epochs=5, batch_size=64, lag_tol=2
data_dist=('N', 0.3), perf_dist=('X', None), crash_dist=('E', 0.3)
> Env details
client_shard_sizes [ 824  634  781  435  538 1131  513  418  625  825  744  947  874  510
  485  623  740  686  900  791  283  531  473  613  370  307  923  700
  443  574  747 1207  781  578 1104  781  698  910  653  668  498  844
  564  925  397  711  507  708  814  403  908  695  751  471 1017  721
  816  678  763  887  385  797  703  860  725  710  938  522  300  705
  952  280  724  738  922  443  875  907  881  956  867  367  482  768
  934  840  750  881  595  691  452  854  972  616  801  571  624  602
  724  840]
clients_perf_vec [1.78670685 3.61546758 1.12455469 0.58001036 1.36792602 0.15279714
 4.2241505  0.42158449 0.16065346 0.4094253  0.57891631 2.49422796
 0.24164749 1.1562298  3.61817324 0.38741303 0.42987577 1.62763137
 0.74846368 0.03678731 0.12580169 0.56723018 0.54493015 2.529051
 1.25843537 1.61698604 1.29116229 1.96788972 0.43976902 0.7317974
 0.2755612  2.07847173 0.51381301 0.61815767 0.08571176 1.95765765
 0.54348357 1.01235583 0.57254573 0.52802753 2.6351492  0.01805788
 3.25212072 0.76835511 0.42928828 0.58221052 2.51590266 1.7007469
 0.98772542 0.70120081 1.01698891 0.7497477  0.73633292 0.52409727
 0.38439873 1.5951676  0.16282579 0.53412806 0.62321845 1.89656664
 0.21034192 0.22111594 0.25299746 0.63205981 1.19100348 0.09359625
 1.16459649 0.71654617 0.08017775 0.36412535 0.61846933 0.75289231
 2.1201335  0.46933431 0.31169159 1.63608679 1.49630229 1.01102899
 1.95544789 1.22693535 1.12035177 0.45502743 0.20843671 3.03377596
 1.52294823 0.90123488 0.7960799  3.73915024 1.46963343 0.9302762
 0.20989998 1.28142166 0.75899995 0.1503912  0.78526702 0.52790354
 0.41703746 0.18429105 0.87381381 0.69037624]
clients_crash_prob_vec [0.3, 0.3, 0.3, 0.3, 0.3, 0.3, 0.3, 0.3, 0.3, 0.3, 0.3, 0.3, 0.3, 0.3, 0.3, 0.3, 0.3, 0.3, 0.3, 0.3, 0.3, 0.3, 0.3, 0.3, 0.3, 0.3, 0.3, 0.3, 0.3, 0.3, 0.3, 0.3, 0.3, 0.3, 0.3, 0.3, 0.3, 0.3, 0.3, 0.3, 0.3, 0.3, 0.3, 0.3, 0.3, 0.3, 0.3, 0.3, 0.3, 0.3, 0.3, 0.3, 0.3, 0.3, 0.3, 0.3, 0.3, 0.3, 0.3, 0.3, 0.3, 0.3, 0.3, 0.3, 0.3, 0.3, 0.3, 0.3, 0.3, 0.3, 0.3, 0.3, 0.3, 0.3, 0.3, 0.3, 0.3, 0.3, 0.3, 0.3, 0.3, 0.3, 0.3, 0.3, 0.3, 0.3, 0.3, 0.3, 0.3, 0.3, 0.3, 0.3, 0.3, 0.3, 0.3, 0.3, 0.3, 0.3, 0.3, 0.3]
> Task settings
dataset: data/mnist, task_type: CNN
in_dim=28, out_dim=10, lr=0.001000
optimizer=SGD, loss_func=nllLoss
Clients futile percent (avg.=0.152):
EUR: 0.210300
SR: 0.300000
VV: 0.000000
Avg. round length: 1849.7314755097157
Avg. T_dist: 12.119999999999997
Round trace: [0.4403342125642867, 0.34786758718604127, 0.31665107094106215, 0.3002836668945494, 0.2855202562525158, 0.27670382287672585, 0.26778602094025833, 0.2616375988125801, 0.2557838471134503, 0.24925916730222245, 0.24880431784050802, 0.24168446073929464, 0.23499445738253136, 0.23193790190134725, 0.23052508488723206, 0.2281707468657266, 0.22505973891701014, 0.22203712226947145, 0.2200957901562963, 0.2200957901562963, 0.2168852023524897, 0.2161145097698484, 0.21202003046302564, 0.21086619133608678, 0.20997266157751987, 0.20821319886332462, 0.20648518648175962, 0.20269544129783196, 0.20131278562545774, 0.2004749732521318, 0.2004749732521318, 0.2004749732521318, 0.19882257078162258, 0.1976725099803436, 0.19674713422287074, 0.1947622933997994, 0.19467747871293906, 0.19467747871293906, 0.19412837864955262, 0.1935525457582303, 0.1932715342619589, 0.19151470750180025, 0.19070011932154493, 0.1902653463120971, 0.1885875450738129, 0.1885875450738129, 0.18856669406096138, 0.1871750726359231, 0.18640385783641109, 0.18640385783641109, 0.18640385783641109, 0.18640385783641109, 0.18640385783641109, 0.18640385783641109, 0.18640385783641109, 0.18640385783641109, 0.18640385783641109, 0.18640385783641109, 0.18615761155599636, 0.1852567874736019, 0.1852567874736019, 0.1852567874736019, 0.18484786708014347, 0.18484786708014347, 0.18484786708014347, 0.18484786708014347, 0.18445993622924597, 0.18415549173844709, 0.18364876471069594, 0.18364641974050372, 0.1836003345634256, 0.18076189708000134, 0.1802822726432766, 0.17940236304984203, 0.17940236304984203, 0.17940236304984203, 0.17940236304984203, 0.17935181520311602, 0.17846860605017056, 0.17846860605017056, 0.17833287242480683, 0.17833287242480683, 0.17784975695858396, 0.1773443679841501, 0.17703177065898973, 0.17673379207118634, 0.1764840677675037, 0.1764840677675037, 0.1764840677675037, 0.1764840677675037, 0.1764840677675037, 0.1764840677675037, 0.17615600071350732, 0.17528379801873648, 0.17432630704840021, 0.17418044264330748, 0.17418044264330748, 0.17379926515583477, 0.17379926515583477, 0.1735434555698718]
accuracy trace: [0.6818, 0.7356, 0.7586, 0.7661, 0.781, 0.791, 0.7973, 0.8011, 0.8082, 0.8147, 0.8123, 0.819, 0.8254, 0.83, 0.8288, 0.8318, 0.8346, 0.8381, 0.8401, 0.8377, 0.8421, 0.8396, 0.8458, 0.8459, 0.8459, 0.848, 0.8466, 0.8515, 0.8529, 0.853, 0.8526, 0.8504, 0.8538, 0.8561, 0.8557, 0.8572, 0.8584, 0.8571, 0.8587, 0.858, 0.8566, 0.8595, 0.8602, 0.8612, 0.8616, 0.8627, 0.8613, 0.8619, 0.8647, 0.8616, 0.8611, 0.8631, 0.8596, 0.862, 0.8622, 0.8638, 0.8617, 0.8623, 0.8618, 0.8645, 0.8622, 0.8657, 0.8641, 0.8632, 0.8631, 0.8638, 0.8632, 0.8634, 0.8647, 0.8676, 0.8652, 0.8687, 0.8678, 0.8695, 0.867, 0.866, 0.8678, 0.8708, 0.8696, 0.8683, 0.8708, 0.8684, 0.8695, 0.8691, 0.8717, 0.8717, 0.8701, 0.8713, 0.8721, 0.8727, 0.871, 0.8716, 0.8707, 0.8713, 0.8731, 0.8729, 0.873, 0.8734, 0.8711, 0.8742]
> Pick&crash traces
Extra args(SAFA only): None
Best loss = 0.173543 at round #99
Best accuracy: 0.8742
time trace: [1059.15126116087, 2118.8209962844244, 2550.433810089155, 3180.693199001428, 3810.9336010702327, 4451.960528182426, 5092.790726394085, 5733.432246007524, 6032.115497538682, 7773.180993331465, 11496.240251957728, 15218.601204226965, 18940.742513179415, 22663.583465448653, 24406.197029462808, 24840.319454449862, 28562.96728979448, 32286.768242063717, 36010.34955101617, 36642.448139608314, 40365.60854765987, 44088.56745460766, 47811.766361555456, 51535.205268503254, 51900.927441654276, 55624.84634860207, 57370.6921245069, 59116.425688521056, 60182.021391676964, 61928.234955691114, 65654.24279103574, 67401.64499693771, 68037.10506143056, 69785.347991667, 70421.04658025915, 72170.13460724623, 75898.49555951548, 76204.31027293066, 77272.0332884775, 77921.2202155897, 78570.21041380135, 78955.2342462299, 82684.12208157452, 86412.80248962606, 90141.72289767761, 90791.69776427858, 91100.01970594424, 91738.59917449813, 93491.17675063525, 97221.2971586868, 97592.0574087609, 98243.25892837433, 98894.70044798777, 102624.90366305686, 103068.84208439593, 104822.73011138302, 108553.6533264521, 109206.72352466376, 110279.79478582463, 114012.31519387617, 117745.97650282862, 118191.9049295928, 118835.05515412289, 120590.49808435934, 121245.248282571, 124979.65611791561, 128714.75742686806, 130470.09099088222, 131126.01853314953, 131782.4054602617, 135518.46676921417, 136163.286833707, 136820.1743759743, 138575.91587723905, 139654.2496135066, 143392.43650557642, 147131.3357642027, 147789.6426913149, 151528.5495833847, 152607.5052014271, 154363.6053496263, 158103.23224169613, 159182.9078597385, 159550.10578680228, 160210.53772203586, 163950.65867430513, 164345.88527787558, 166103.6654260748, 167862.33865682362, 168944.56616512407, 170703.39098864794, 171365.95644890476, 173124.93659710398, 173522.743993372, 175282.52881689585, 179025.0497691651, 180785.64299991395, 182546.80843450307, 183210.8260524268, 184973.14755097157]


> Exp stats. at 07/06/24-21:05
> Env settings
Mode: FedCS_Nishio
n_clients=100, selected_clients=10, picked_clients=30
rounds=100, n_local_epochs=5, batch_size=64, lag_tol=2
data_dist=('N', 0.3), perf_dist=('X', None), crash_dist=('E', 0.5)
> Env details
client_shard_sizes [ 490  928  601  790  430  715  444  628  750  458  678  991 1007  483
  753  767  923  800  671  974  911  430  767 1237  735  931  840  222
  888  533  503  532  628  480  844  577  765  817  671  708  507  971
  834  871  715  898  614  850  367  287 1114  544  767  850  884  821
  681  905  961  620  720 1028  898  545  454 1020  688  804  277  916
  868  613  917  778  780  803 1204  626  762  385  596  598  393  842
  366  593  578  677  430  711  583  607  602  411  497  492  823  293
  625  836]
clients_perf_vec [1.78670685 3.61546758 1.12455469 0.58001036 1.36792602 0.15279714
 4.2241505  0.42158449 0.16065346 0.4094253  0.57891631 2.49422796
 0.24164749 1.1562298  3.61817324 0.38741303 0.42987577 1.62763137
 0.74846368 0.03678731 0.12580169 0.56723018 0.54493015 2.529051
 1.25843537 1.61698604 1.29116229 1.96788972 0.43976902 0.7317974
 0.2755612  2.07847173 0.51381301 0.61815767 0.08571176 1.95765765
 0.54348357 1.01235583 0.57254573 0.52802753 2.6351492  0.01805788
 3.25212072 0.76835511 0.42928828 0.58221052 2.51590266 1.7007469
 0.98772542 0.70120081 1.01698891 0.7497477  0.73633292 0.52409727
 0.38439873 1.5951676  0.16282579 0.53412806 0.62321845 1.89656664
 0.21034192 0.22111594 0.25299746 0.63205981 1.19100348 0.09359625
 1.16459649 0.71654617 0.08017775 0.36412535 0.61846933 0.75289231
 2.1201335  0.46933431 0.31169159 1.63608679 1.49630229 1.01102899
 1.95544789 1.22693535 1.12035177 0.45502743 0.20843671 3.03377596
 1.52294823 0.90123488 0.7960799  3.73915024 1.46963343 0.9302762
 0.20989998 1.28142166 0.75899995 0.1503912  0.78526702 0.52790354
 0.41703746 0.18429105 0.87381381 0.69037624]
clients_crash_prob_vec [0.5, 0.5, 0.5, 0.5, 0.5, 0.5, 0.5, 0.5, 0.5, 0.5, 0.5, 0.5, 0.5, 0.5, 0.5, 0.5, 0.5, 0.5, 0.5, 0.5, 0.5, 0.5, 0.5, 0.5, 0.5, 0.5, 0.5, 0.5, 0.5, 0.5, 0.5, 0.5, 0.5, 0.5, 0.5, 0.5, 0.5, 0.5, 0.5, 0.5, 0.5, 0.5, 0.5, 0.5, 0.5, 0.5, 0.5, 0.5, 0.5, 0.5, 0.5, 0.5, 0.5, 0.5, 0.5, 0.5, 0.5, 0.5, 0.5, 0.5, 0.5, 0.5, 0.5, 0.5, 0.5, 0.5, 0.5, 0.5, 0.5, 0.5, 0.5, 0.5, 0.5, 0.5, 0.5, 0.5, 0.5, 0.5, 0.5, 0.5, 0.5, 0.5, 0.5, 0.5, 0.5, 0.5, 0.5, 0.5, 0.5, 0.5, 0.5, 0.5, 0.5, 0.5, 0.5, 0.5, 0.5, 0.5, 0.5, 0.5]
> Task settings
dataset: data/mnist, task_type: CNN
in_dim=28, out_dim=10, lr=0.001000
optimizer=SGD, loss_func=nllLoss
Clients futile percent (avg.=0.250):
EUR: 0.147800
SR: 0.300000
VV: 0.000000
Avg. round length: 1834.1007370370064
Avg. T_dist: 12.119999999999997
Round trace: [0.48294101313581417, 0.33958636594399627, 0.31238771903583595, 0.29264873035097977, 0.27443442177331245, 0.26633034173536685, 0.256711552164545, 0.25120311301716025, 0.24210290412126947, 0.24034511162282984, 0.23391260889226878, 0.23038993072209854, 0.22489083081024275, 0.22353754889461697, 0.21789867783245803, 0.21672855146341244, 0.21445568989381367, 0.2114466549811297, 0.20738120465824886, 0.20678623282561806, 0.20395247607735825, 0.2029145546547924, 0.2019963981130831, 0.20066713209871553, 0.19867491067704807, 0.19845542134404445, 0.19721733101808817, 0.1955850957354525, 0.19539373655882494, 0.195391286240946, 0.195391286240946, 0.19536163863131684, 0.19368719969463663, 0.1927757196705788, 0.1927757196705788, 0.1917892088588532, 0.19097984628147618, 0.18970856310217915, 0.18733237674867542, 0.18733237674867542, 0.18733237674867542, 0.18683053726703203, 0.18683053726703203, 0.18683053726703203, 0.18683053726703203, 0.18553608228595803, 0.18553608228595803, 0.18542229529775375, 0.1854070233177654, 0.1854070233177654, 0.18373529219203294, 0.18260647067139782, 0.18238932990842396, 0.18238932990842396, 0.18179448974578238, 0.18162799985923558, 0.1816226119837679, 0.18137023080419193, 0.18137023080419193, 0.1805338205449987, 0.1805338205449987, 0.17968772770346617, 0.17926878713597985, 0.17926878713597985, 0.17916110124392987, 0.17916110124392987, 0.17916110124392987, 0.17916110124392987, 0.17916110124392987, 0.17813043989920763, 0.17709362337908738, 0.17702348880702626, 0.17698888930864629, 0.17698888930864629, 0.17698888930864629, 0.17698888930864629, 0.17680346267259886, 0.17588107284732227, 0.17588107284732227, 0.17588107284732227, 0.17588107284732227, 0.17588107284732227, 0.1753989102618749, 0.1753989102618749, 0.1753989102618749, 0.1753989102618749, 0.1753989102618749, 0.1753989102618749, 0.1753989102618749, 0.17505602712423948, 0.1749458587847683, 0.1749458587847683, 0.1749458587847683, 0.1749458587847683, 0.17410494200831936, 0.17410494200831936, 0.17410494200831936, 0.17410494200831936, 0.1737511606573964, 0.1737511606573964]
accuracy trace: [0.6231, 0.7391, 0.7546, 0.7718, 0.786, 0.7991, 0.8027, 0.8072, 0.8177, 0.8189, 0.8226, 0.8265, 0.8281, 0.8312, 0.837, 0.8376, 0.8411, 0.8412, 0.8442, 0.8477, 0.8471, 0.8486, 0.8465, 0.8492, 0.8515, 0.8526, 0.8521, 0.8539, 0.8535, 0.8545, 0.8541, 0.8548, 0.8559, 0.8575, 0.8578, 0.8594, 0.8584, 0.8597, 0.8636, 0.8613, 0.8617, 0.8619, 0.8634, 0.862, 0.8615, 0.8642, 0.8638, 0.8645, 0.8639, 0.8632, 0.8653, 0.8657, 0.8649, 0.8637, 0.8664, 0.8649, 0.8663, 0.8661, 0.8655, 0.8666, 0.8667, 0.8658, 0.8678, 0.8692, 0.8675, 0.8685, 0.8673, 0.8667, 0.8677, 0.8674, 0.8694, 0.87, 0.8707, 0.8689, 0.87, 0.8721, 0.8715, 0.8703, 0.8699, 0.8728, 0.8683, 0.8713, 0.8707, 0.8716, 0.8714, 0.8708, 0.8703, 0.8717, 0.8696, 0.8726, 0.872, 0.8718, 0.8717, 0.8721, 0.8733, 0.8715, 0.8704, 0.8704, 0.8728, 0.8724]
> Pick&crash traces
Extra args(SAFA only): None
Best loss = 0.173751 at round #98
Best accuracy: 0.8733
time trace: [909.7757908143913, 1529.7657854973393, 2439.685509636102, 6711.9703942368515, 7332.392883888461, 8136.3490004210535, 8757.251490072664, 9378.681484755612, 13653.172405573667, 14087.817738231084, 16204.807269109513, 18321.82734081154, 22597.27826162959, 23509.505781928077, 25627.666702482235, 26539.400133554147, 27162.990128237096, 27534.541425838386, 28341.61754237098, 28766.45014576915, 29390.42818895359, 31510.269109507746, 33630.3500300619, 34255.33251971351, 34495.36941135636, 38773.94033217441, 43051.74521677516, 47330.796137593214, 49452.53040513491, 50262.2465216675, 50544.151013742696, 54824.16193456075, 59105.44805206617, 61228.59765121855, 63352.423979271465, 64163.580095804056, 68445.30489123671, 68874.45749463487, 69286.13285414275, 70204.93257828151, 71017.17868623344, 75300.10348166608, 76219.95927248048, 77032.81609798098, 81315.94701879904, 83442.63480136519, 87726.24572218324, 92010.6105176159, 92390.12924137752, 92832.64297230334, 97118.24908980877, 98040.60487790318, 98671.70301067329, 102958.5580607927, 103881.29385160709, 104512.83642637223, 106642.16420893838, 107274.46234170848, 109404.0486697614, 110220.85477771332, 110655.52738111149, 111072.44218849279, 111362.69495108389, 111746.72303029438, 112671.85882110878, 113597.23461192317, 115728.74093997608, 117860.9322761504, 118308.43041926534, 120441.3274381298, 122574.2387743041, 124707.84363550166, 125635.5834208441, 125999.58741375376, 128133.91227495132, 130268.47713614888, 132402.8284723232, 133223.73673433578, 133861.07486710587, 134790.4946524483, 135719.4704432627, 137854.79822582885, 138276.47663741137, 140411.8435806194, 141234.21684435196, 145529.28860550615, 149824.06365562556, 151960.17325477794, 156255.42830489733, 160550.92335501674, 161374.8437654331, 162198.89702916564, 164336.20662831803, 168632.13274582344, 172927.77754125607, 177222.64187646116, 177647.5436200103, 181941.89603932985, 182767.41709696787, 183410.07370370065]


> Exp stats. at 07/07/24-09:59
> Env settings
Mode: FedCS_Nishio
n_clients=100, selected_clients=10, picked_clients=30
rounds=100, n_local_epochs=5, batch_size=64, lag_tol=2
data_dist=('N', 0.3), perf_dist=('X', None), crash_dist=('E', 0.7)
> Env details
client_shard_sizes [ 804  940  541  463 1062  876  811  854  645  553  718  684  475  508
  552  752  591  822  993  818  935  884  950  310  695  525  678  321
  326  200  947 1104  795  503  831  946  133  615  887  684  908  678
  477  665  645  590 1221  653  543  820  885  666  806  793  465  885
  886  784  720  467  878  318  971  797  575  832  761  756  647  371
  815  418  520  755  441  371  548  534  787  971  851  897  768  247
  693  761  965  864  955  671  460  594  840  542  637  847  825  794
  527  908]
clients_perf_vec [1.78670685 3.61546758 1.12455469 0.58001036 1.36792602 0.15279714
 4.2241505  0.42158449 0.16065346 0.4094253  0.57891631 2.49422796
 0.24164749 1.1562298  3.61817324 0.38741303 0.42987577 1.62763137
 0.74846368 0.03678731 0.12580169 0.56723018 0.54493015 2.529051
 1.25843537 1.61698604 1.29116229 1.96788972 0.43976902 0.7317974
 0.2755612  2.07847173 0.51381301 0.61815767 0.08571176 1.95765765
 0.54348357 1.01235583 0.57254573 0.52802753 2.6351492  0.01805788
 3.25212072 0.76835511 0.42928828 0.58221052 2.51590266 1.7007469
 0.98772542 0.70120081 1.01698891 0.7497477  0.73633292 0.52409727
 0.38439873 1.5951676  0.16282579 0.53412806 0.62321845 1.89656664
 0.21034192 0.22111594 0.25299746 0.63205981 1.19100348 0.09359625
 1.16459649 0.71654617 0.08017775 0.36412535 0.61846933 0.75289231
 2.1201335  0.46933431 0.31169159 1.63608679 1.49630229 1.01102899
 1.95544789 1.22693535 1.12035177 0.45502743 0.20843671 3.03377596
 1.52294823 0.90123488 0.7960799  3.73915024 1.46963343 0.9302762
 0.20989998 1.28142166 0.75899995 0.1503912  0.78526702 0.52790354
 0.41703746 0.18429105 0.87381381 0.69037624]
clients_crash_prob_vec [0.7, 0.7, 0.7, 0.7, 0.7, 0.7, 0.7, 0.7, 0.7, 0.7, 0.7, 0.7, 0.7, 0.7, 0.7, 0.7, 0.7, 0.7, 0.7, 0.7, 0.7, 0.7, 0.7, 0.7, 0.7, 0.7, 0.7, 0.7, 0.7, 0.7, 0.7, 0.7, 0.7, 0.7, 0.7, 0.7, 0.7, 0.7, 0.7, 0.7, 0.7, 0.7, 0.7, 0.7, 0.7, 0.7, 0.7, 0.7, 0.7, 0.7, 0.7, 0.7, 0.7, 0.7, 0.7, 0.7, 0.7, 0.7, 0.7, 0.7, 0.7, 0.7, 0.7, 0.7, 0.7, 0.7, 0.7, 0.7, 0.7, 0.7, 0.7, 0.7, 0.7, 0.7, 0.7, 0.7, 0.7, 0.7, 0.7, 0.7, 0.7, 0.7, 0.7, 0.7, 0.7, 0.7, 0.7, 0.7, 0.7, 0.7, 0.7, 0.7, 0.7, 0.7, 0.7, 0.7, 0.7, 0.7, 0.7, 0.7]
> Task settings
dataset: data/mnist, task_type: CNN
in_dim=28, out_dim=10, lr=0.001000
optimizer=SGD, loss_func=nllLoss
Clients futile percent (avg.=0.339):
EUR: 0.093800
SR: 0.300000
VV: 0.000000
Avg. round length: 1588.1626316161576
Avg. T_dist: 12.119999999999997
Round trace: [0.4106634572467633, 0.3239286717580897, 0.3007521767225116, 0.2797228992932609, 0.2680865437103701, 0.2568154173166092, 0.24234347080488108, 0.23881285184541978, 0.23881285184541978, 0.23305078623230965, 0.23305078623230965, 0.23305078623230965, 0.23025510686831102, 0.22940066361418435, 0.22490010723214415, 0.22426021811006852, 0.21993422397640752, 0.21769751436196796, 0.21618809737282846, 0.21477824274384014, 0.21266587408503426, 0.21046537300099483, 0.21046537300099483, 0.21006867399711956, 0.20794552013111697, 0.20794552013111697, 0.2069831759749601, 0.2069831759749601, 0.2069831759749601, 0.20538116524027036, 0.2043309275068431, 0.2004910499580714, 0.19931175081500602, 0.19931175081500602, 0.1977278138897825, 0.19742823800854825, 0.19613434076322506, 0.19613434076322506, 0.19613434076322506, 0.19607168846414422, 0.1946571821396882, 0.1946571821396882, 0.19443506337471658, 0.19214492230606262, 0.19075834103560604, 0.1907516884707646, 0.1907516884707646, 0.19012357665127183, 0.19012357665127183, 0.19012357665127183, 0.19012357665127183, 0.19012357665127183, 0.18842897408951204, 0.18842897408951204, 0.18790436456328077, 0.1851479552014664, 0.1851479552014664, 0.1851479552014664, 0.18425202500944332, 0.18425202500944332, 0.18425202500944332, 0.18348401295004543, 0.18212274940319945, 0.18212274940319945, 0.18212274940319945, 0.18212274940319945, 0.18023885590452254, 0.18023885590452254, 0.18023885590452254, 0.17897061451968535, 0.17897061451968535, 0.17897061451968535, 0.1785537449635615, 0.1785537449635615, 0.1785537449635615, 0.1785537449635615, 0.1785537449635615, 0.1785537449635615, 0.1785537449635615, 0.1785537449635615, 0.1785537449635615, 0.1785537449635615, 0.1785537449635615, 0.1773730708009929, 0.17711530334413758, 0.17711530334413758, 0.17711530334413758, 0.17711530334413758, 0.17711530334413758, 0.17711530334413758, 0.17711530334413758, 0.17545835681515742, 0.17545835681515742, 0.17545835681515742, 0.17545835681515742, 0.17545835681515742, 0.17545835681515742, 0.17523016581176, 0.17523016581176, 0.17523016581176]
accuracy trace: [0.6944, 0.749, 0.7723, 0.7912, 0.7979, 0.805, 0.819, 0.8243, 0.8178, 0.8295, 0.827, 0.8207, 0.8317, 0.8331, 0.8343, 0.8348, 0.8377, 0.8408, 0.8416, 0.8418, 0.8453, 0.8485, 0.8458, 0.8472, 0.8493, 0.849, 0.8502, 0.8474, 0.849, 0.8502, 0.8518, 0.8531, 0.8541, 0.8525, 0.8527, 0.8537, 0.8536, 0.8489, 0.8519, 0.8563, 0.8532, 0.8471, 0.8527, 0.8566, 0.8585, 0.8595, 0.8597, 0.8599, 0.8565, 0.8604, 0.8578, 0.859, 0.8598, 0.8578, 0.8607, 0.8615, 0.8637, 0.8625, 0.8646, 0.8614, 0.86, 0.8636, 0.8619, 0.8648, 0.865, 0.8652, 0.8661, 0.8657, 0.8648, 0.8682, 0.8687, 0.8666, 0.8676, 0.8621, 0.8674, 0.8648, 0.8656, 0.8604, 0.866, 0.866, 0.8665, 0.8663, 0.8669, 0.8677, 0.868, 0.8639, 0.8686, 0.8669, 0.868, 0.8675, 0.8689, 0.8703, 0.8703, 0.8695, 0.8694, 0.8633, 0.8686, 0.869, 0.868, 0.8699]
> Pick&crash traces
Extra args(SAFA only): None
Best loss = 0.175230 at round #97
Best accuracy: 0.8703
time trace: [2977.376469808769, 3707.4164292386986, 4388.82288564813, 7367.3074939447115, 10345.837178066799, 12124.944712829945, 12749.29248313579, 13481.145716175275, 15261.137827482973, 16069.29122354525, 16802.11774939122, 18582.502034840014, 21562.758504648784, 22188.61047241604, 23969.878007179184, 24304.86520768925, 27286.274891811336, 29068.26242657448, 30850.48996133763, 31660.811101732867, 34642.987571541635, 35378.58210558013, 37161.606391028916, 37849.61506265953, 38660.90616993, 41644.28263973877, 42155.47859974982, 43939.70288519861, 46923.9925693207, 48708.374274124326, 50492.99597892796, 53477.62092188466, 54290.378504131884, 55029.37438062721, 55842.388409266285, 58828.164879075055, 59520.11165815045, 60151.37639766721, 63137.872867475984, 63769.617606992746, 64181.3211175752, 67168.92572587178, 70156.77033416837, 71944.512038972, 72759.70461309783, 75748.2692213944, 77536.41346588057, 79324.6408623838, 79958.71849263362, 80474.79604610738, 81290.99189133268, 82106.99905795975, 85097.04874208184, 88087.14521189062, 88904.30105711591, 89721.91424639685, 90135.22959298642, 93126.09453594312, 96116.82139991914, 99107.97648147466, 100899.63882372848, 101382.73151620437, 103174.71576069054, 103920.5192238438, 104558.09250147655, 105304.24703551504, 108297.27197847175, 110090.77368327539, 111884.6760306493, 112585.10272013902, 113405.66988676609, 113824.81339734854, 114525.96008683827, 115226.78686591366, 118222.11655003575, 120017.86083548455, 120840.08134909916, 121662.54186271377, 122411.18537045109, 125407.52184025985, 128403.71692181539, 131399.9637857914, 133197.3880712402, 133900.6148503156, 134390.3718821262, 137387.76696368173, 138212.1741303088, 141209.8609942848, 143009.21902561904, 143834.55953923365, 144586.20746841127, 147584.85433238727, 150583.5546013491, 152383.6188867979, 155383.1739683534, 156028.53159860324, 156854.91791637818, 157282.66885120305, 158109.7446281544, 158816.26316161576]


> Exp stats. at 07/10/24-08:56
> Env settings
Mode: FedCS_Nishio
n_clients=100, selected_clients=30, picked_clients=30
rounds=50, n_local_epochs=5, batch_size=40, lag_tol=2
data_dist=('N', 0.3), perf_dist=('X', None), crash_dist=('E', 0.7)
> Env details
client_shard_sizes [ 788  802  718  481  450  750  277  624  916  625  580  455  732  720
  843 1107  316  457 1040  751  698  368  668  563  507  761 1224  288
  800  554  803  897  677 1118  734 1370  873  622  871  684  610  815
  711  783  660 1055  497  444  614  796  620  853  251 1124  554  666
  798  684  773  620  411  368  422 1070 1004  654  873  682  718  700
  657  988 1044  473  331 1190  488  294  870 1073  644  650  641  515
  606  485  488  943  800  848  733  568  758  741  921  355  760  517
  615  662]
clients_perf_vec [1.78670685 3.61546758 1.12455469 0.58001036 1.36792602 0.15279714
 4.2241505  0.42158449 0.16065346 0.4094253  0.57891631 2.49422796
 0.24164749 1.1562298  3.61817324 0.38741303 0.42987577 1.62763137
 0.74846368 0.03678731 0.12580169 0.56723018 0.54493015 2.529051
 1.25843537 1.61698604 1.29116229 1.96788972 0.43976902 0.7317974
 0.2755612  2.07847173 0.51381301 0.61815767 0.08571176 1.95765765
 0.54348357 1.01235583 0.57254573 0.52802753 2.6351492  0.01805788
 3.25212072 0.76835511 0.42928828 0.58221052 2.51590266 1.7007469
 0.98772542 0.70120081 1.01698891 0.7497477  0.73633292 0.52409727
 0.38439873 1.5951676  0.16282579 0.53412806 0.62321845 1.89656664
 0.21034192 0.22111594 0.25299746 0.63205981 1.19100348 0.09359625
 1.16459649 0.71654617 0.08017775 0.36412535 0.61846933 0.75289231
 2.1201335  0.46933431 0.31169159 1.63608679 1.49630229 1.01102899
 1.95544789 1.22693535 1.12035177 0.45502743 0.20843671 3.03377596
 1.52294823 0.90123488 0.7960799  3.73915024 1.46963343 0.9302762
 0.20989998 1.28142166 0.75899995 0.1503912  0.78526702 0.52790354
 0.41703746 0.18429105 0.87381381 0.69037624]
clients_crash_prob_vec [0.7, 0.7, 0.7, 0.7, 0.7, 0.7, 0.7, 0.7, 0.7, 0.7, 0.7, 0.7, 0.7, 0.7, 0.7, 0.7, 0.7, 0.7, 0.7, 0.7, 0.7, 0.7, 0.7, 0.7, 0.7, 0.7, 0.7, 0.7, 0.7, 0.7, 0.7, 0.7, 0.7, 0.7, 0.7, 0.7, 0.7, 0.7, 0.7, 0.7, 0.7, 0.7, 0.7, 0.7, 0.7, 0.7, 0.7, 0.7, 0.7, 0.7, 0.7, 0.7, 0.7, 0.7, 0.7, 0.7, 0.7, 0.7, 0.7, 0.7, 0.7, 0.7, 0.7, 0.7, 0.7, 0.7, 0.7, 0.7, 0.7, 0.7, 0.7, 0.7, 0.7, 0.7, 0.7, 0.7, 0.7, 0.7, 0.7, 0.7, 0.7, 0.7, 0.7, 0.7, 0.7, 0.7, 0.7, 0.7, 0.7, 0.7, 0.7, 0.7, 0.7, 0.7, 0.7, 0.7, 0.7, 0.7, 0.7, 0.7]
> Task settings
dataset: data/mnist, task_type: CNN
in_dim=28, out_dim=10, lr=0.001000
optimizer=SGD, loss_func=nllLoss
Clients futile percent (avg.=0.370):
EUR: 0.087600
SR: 0.288200
VV: 0.000000
Avg. round length: 728.241785922806
Avg. T_dist: 5.92432
Round trace: [0.4053510242708559, 0.3191088203232779, 0.26767465855782135, 0.2583451610637074, 0.24826858889419648, 0.23082848555739366, 0.23082848555739366, 0.23082848555739366, 0.22939059328158393, 0.22391769326794778, 0.22032814902996148, 0.22032814902996148, 0.21655409775695683, 0.21356250648063443, 0.21186651290214195, 0.2088726988493581, 0.2088726988493581, 0.20430510219694334, 0.20359428537487176, 0.20099143403003522, 0.20086144933731492, 0.20086144933731492, 0.19945151492675425, 0.19526862627968267, 0.1947940132063508, 0.19085478378434861, 0.19085478378434861, 0.19085478378434861, 0.19085478378434861, 0.19085478378434861, 0.19085478378434861, 0.19085478378434861, 0.19085478378434861, 0.19085478378434861, 0.19085478378434861, 0.19085478378434861, 0.19085478378434861, 0.19085478378434861, 0.1900502495727809, 0.1900502495727809, 0.1900502495727809, 0.18916806559609398, 0.18916806559609398, 0.18916806559609398, 0.18916806559609398, 0.18916806559609398, 0.18916806559609398, 0.18916806559609398, 0.18881603748717554, 0.18881603748717554]
accuracy trace: [0.7107, 0.7522, 0.7949, 0.8057, 0.8126, 0.8263, 0.8208, 0.8241, 0.8285, 0.8307, 0.8344, 0.8304, 0.8384, 0.842, 0.8405, 0.842, 0.8419, 0.8478, 0.8473, 0.851, 0.8501, 0.8482, 0.853, 0.8558, 0.8568, 0.8558, 0.8547, 0.8572, 0.8584, 0.8566, 0.8552, 0.8559, 0.8584, 0.8533, 0.8579, 0.8561, 0.854, 0.8584, 0.8585, 0.8601, 0.8584, 0.8603, 0.8603, 0.8602, 0.8589, 0.8611, 0.8553, 0.8559, 0.8607, 0.8581]
> Pick&crash traces
Extra args(SAFA only): None
Best loss = 0.188816 at round #48
Best accuracy: 0.8611
time trace: [932.4879237312289, 1864.8718502144357, 2797.487776697643, 3565.485798163057, 4320.446629536841, 4973.074594777329, 5625.926560017818, 6394.558809450329, 7327.890671977885, 8096.978921410397, 8854.066398684856, 9507.181704831408, 10264.37163295583, 10714.945960087742, 11485.511981553156, 12243.040812926942, 12909.639535838305, 13845.091398365863, 14265.60951837913, 14932.912241290493, 15600.658349046751, 16257.474775677201, 17016.992703801625, 17685.656266071124, 18445.646194195546, 19205.49502556933, 19978.55927500184, 20636.9128879068, 21397.822816031225, 21819.56051504695, 22757.672173734227, 23428.852814635124, 24100.26545553602, 25039.0811142233, 25978.12877291058, 26310.442702138633, 27086.104723604047, 27862.287727725674, 28802.23938641295, 29463.663004743004, 30137.145678768673, 30913.649928201186, 31368.62523417815, 32132.983162302575, 33074.302820989855, 33737.3933850705, 34515.025634503014, 35178.89220370375, 35633.79304670779, 36412.0892961403]


> Exp stats. at 07/10/24-09:09
> Env settings
Mode: FedCS_Nishio
n_clients=100, selected_clients=30, picked_clients=30
rounds=50, n_local_epochs=5, batch_size=40, lag_tol=2
data_dist=('N', 0.3), perf_dist=('X', None), crash_dist=('E', 0.5)
> Env details
client_shard_sizes [ 521  741  643  530  422  601  895  836  271  981  544  943 1078  637
  797  857  362  762  872  708  557  690  497  847  560  760  487  724
  664  661  570  678  640  637  791  894  711  600  517  630  390  871
  516  635  791  428  430  953  373  607 1091  601  474  818 1024  910
  914  743  814  700  856  237 1136  810  984  925  590  508  127 1221
 1065  690  607  877  774  775  588  596  660  330 1038  497  708  583
 1071  871 1034  940  275  392  506  525  728  955  530  568 1023  833
  570  798]
clients_perf_vec [1.78670685 3.61546758 1.12455469 0.58001036 1.36792602 0.15279714
 4.2241505  0.42158449 0.16065346 0.4094253  0.57891631 2.49422796
 0.24164749 1.1562298  3.61817324 0.38741303 0.42987577 1.62763137
 0.74846368 0.03678731 0.12580169 0.56723018 0.54493015 2.529051
 1.25843537 1.61698604 1.29116229 1.96788972 0.43976902 0.7317974
 0.2755612  2.07847173 0.51381301 0.61815767 0.08571176 1.95765765
 0.54348357 1.01235583 0.57254573 0.52802753 2.6351492  0.01805788
 3.25212072 0.76835511 0.42928828 0.58221052 2.51590266 1.7007469
 0.98772542 0.70120081 1.01698891 0.7497477  0.73633292 0.52409727
 0.38439873 1.5951676  0.16282579 0.53412806 0.62321845 1.89656664
 0.21034192 0.22111594 0.25299746 0.63205981 1.19100348 0.09359625
 1.16459649 0.71654617 0.08017775 0.36412535 0.61846933 0.75289231
 2.1201335  0.46933431 0.31169159 1.63608679 1.49630229 1.01102899
 1.95544789 1.22693535 1.12035177 0.45502743 0.20843671 3.03377596
 1.52294823 0.90123488 0.7960799  3.73915024 1.46963343 0.9302762
 0.20989998 1.28142166 0.75899995 0.1503912  0.78526702 0.52790354
 0.41703746 0.18429105 0.87381381 0.69037624]
clients_crash_prob_vec [0.5, 0.5, 0.5, 0.5, 0.5, 0.5, 0.5, 0.5, 0.5, 0.5, 0.5, 0.5, 0.5, 0.5, 0.5, 0.5, 0.5, 0.5, 0.5, 0.5, 0.5, 0.5, 0.5, 0.5, 0.5, 0.5, 0.5, 0.5, 0.5, 0.5, 0.5, 0.5, 0.5, 0.5, 0.5, 0.5, 0.5, 0.5, 0.5, 0.5, 0.5, 0.5, 0.5, 0.5, 0.5, 0.5, 0.5, 0.5, 0.5, 0.5, 0.5, 0.5, 0.5, 0.5, 0.5, 0.5, 0.5, 0.5, 0.5, 0.5, 0.5, 0.5, 0.5, 0.5, 0.5, 0.5, 0.5, 0.5, 0.5, 0.5, 0.5, 0.5, 0.5, 0.5, 0.5, 0.5, 0.5, 0.5, 0.5, 0.5, 0.5, 0.5, 0.5, 0.5, 0.5, 0.5, 0.5, 0.5, 0.5, 0.5, 0.5, 0.5, 0.5, 0.5, 0.5, 0.5, 0.5, 0.5, 0.5, 0.5]
> Task settings
dataset: data/mnist, task_type: CNN
in_dim=28, out_dim=10, lr=0.001000
optimizer=SGD, loss_func=nllLoss
Clients futile percent (avg.=0.275):
EUR: 0.145000
SR: 0.288400
VV: 0.000000
Avg. round length: 735.7391532832902
Avg. T_dist: 5.913920000000001
Round trace: [0.4718616936169564, 0.33304735075216735, 0.302248123628941, 0.2776305715134755, 0.2610121810166054, 0.25353670660610833, 0.2486234319294072, 0.2416761009281295, 0.2339987487622594, 0.22921962603358753, 0.22611158669136344, 0.22207940259717435, 0.2181401537983183, 0.21602233614311242, 0.21391354219402564, 0.20771845722801607, 0.20338465222467964, 0.20263661444825773, 0.20023352018140608, 0.19682337694153895, 0.19403676734864705, 0.19320351325046436, 0.19320351325046436, 0.19320351325046436, 0.19201272522622623, 0.19161450277339837, 0.18939941184825831, 0.18939941184825831, 0.1888710845056034, 0.1888710845056034, 0.1888710845056034, 0.18701117284028299, 0.18685823843166938, 0.18586924731766888, 0.18422242048027965, 0.18422242048027965, 0.18332092434877437, 0.18242849633771746, 0.18242849633771746, 0.1820277695056228, 0.1806577386809956, 0.18052612603349336, 0.17962711741668835, 0.1789004317812976, 0.17839862507617188, 0.17742562492440142, 0.17742562492440142, 0.17615795060637449, 0.17615795060637449, 0.17615795060637449]
accuracy trace: [0.6265, 0.7407, 0.7674, 0.7867, 0.8049, 0.8085, 0.8132, 0.821, 0.8247, 0.8292, 0.834, 0.8365, 0.8389, 0.8405, 0.8453, 0.8466, 0.8507, 0.8503, 0.8528, 0.8563, 0.8566, 0.8602, 0.8545, 0.8545, 0.8585, 0.8592, 0.86, 0.8616, 0.8626, 0.8591, 0.8623, 0.8607, 0.8612, 0.8643, 0.8649, 0.863, 0.8637, 0.865, 0.8664, 0.8645, 0.8667, 0.868, 0.8676, 0.8676, 0.8696, 0.8699, 0.8686, 0.8705, 0.8705, 0.8716]
> Pick&crash traces
Extra args(SAFA only): None
Best loss = 0.176158 at round #47
Best accuracy: 0.8716
time trace: [777.6517323242815, 1413.8471945249144, 2273.641872939316, 3134.5342397924483, 3911.9752620307954, 4773.781129987681, 5551.694152226029, 6329.839174464376, 6934.3753637581285, 7199.20907032673, 8062.646365576681, 8926.761134434468, 9488.116759446179, 10089.551590699446, 10729.410210380393, 11291.02833428835, 12071.854460779869, 12852.359483018217, 13414.253915047473, 14195.214937285822, 14976.96106377734, 15619.711525977973, 16402.491258302252, 17268.505126259137, 17872.91302134454, 18739.83031659449, 19607.900728769062, 20156.99857865581, 20765.774621466, 21634.533033640575, 22419.160765964858, 23019.88381918544, 23620.846872406022, 24406.748906835324, 25192.874941264625, 25802.859983667815, 26590.0372171576, 27460.643629332168, 28331.939981307318, 29203.468333282468, 30075.701051814067, 30864.02228530385, 31281.043932458044, 32154.921203678332, 33029.03047489862, 33817.67650932792, 34692.24178054821, 35480.77351287249, 36133.7575885185, 36786.95766416451]


> Exp stats. at 07/10/24-09:23
> Env settings
Mode: FedCS_Nishio
n_clients=100, selected_clients=30, picked_clients=30
rounds=50, n_local_epochs=5, batch_size=40, lag_tol=2
data_dist=('N', 0.3), perf_dist=('X', None), crash_dist=('E', 0.3)
> Env details
client_shard_sizes [ 743  325 1057  793  857  942  575  748  512  908  721  780  441  767
  490  984  646  638 1015  707  607 1054 1123  865  571  772  572  588
  194  868  790  631  433  770  671  993  751 1018  167 1088  650  797
  448  897  898  694  736 1047  484  627  890  820  458  464  711  357
  183  994  681  550  653  767  781  710  781  570  643  650  558  530
  748  626  907  738  597  723  677  511 1001 1125  651  718 1191  436
  538  483  640  548  503 1027  747  664  428  717  357  504  851  840
  703  597]
clients_perf_vec [1.78670685 3.61546758 1.12455469 0.58001036 1.36792602 0.15279714
 4.2241505  0.42158449 0.16065346 0.4094253  0.57891631 2.49422796
 0.24164749 1.1562298  3.61817324 0.38741303 0.42987577 1.62763137
 0.74846368 0.03678731 0.12580169 0.56723018 0.54493015 2.529051
 1.25843537 1.61698604 1.29116229 1.96788972 0.43976902 0.7317974
 0.2755612  2.07847173 0.51381301 0.61815767 0.08571176 1.95765765
 0.54348357 1.01235583 0.57254573 0.52802753 2.6351492  0.01805788
 3.25212072 0.76835511 0.42928828 0.58221052 2.51590266 1.7007469
 0.98772542 0.70120081 1.01698891 0.7497477  0.73633292 0.52409727
 0.38439873 1.5951676  0.16282579 0.53412806 0.62321845 1.89656664
 0.21034192 0.22111594 0.25299746 0.63205981 1.19100348 0.09359625
 1.16459649 0.71654617 0.08017775 0.36412535 0.61846933 0.75289231
 2.1201335  0.46933431 0.31169159 1.63608679 1.49630229 1.01102899
 1.95544789 1.22693535 1.12035177 0.45502743 0.20843671 3.03377596
 1.52294823 0.90123488 0.7960799  3.73915024 1.46963343 0.9302762
 0.20989998 1.28142166 0.75899995 0.1503912  0.78526702 0.52790354
 0.41703746 0.18429105 0.87381381 0.69037624]
clients_crash_prob_vec [0.3, 0.3, 0.3, 0.3, 0.3, 0.3, 0.3, 0.3, 0.3, 0.3, 0.3, 0.3, 0.3, 0.3, 0.3, 0.3, 0.3, 0.3, 0.3, 0.3, 0.3, 0.3, 0.3, 0.3, 0.3, 0.3, 0.3, 0.3, 0.3, 0.3, 0.3, 0.3, 0.3, 0.3, 0.3, 0.3, 0.3, 0.3, 0.3, 0.3, 0.3, 0.3, 0.3, 0.3, 0.3, 0.3, 0.3, 0.3, 0.3, 0.3, 0.3, 0.3, 0.3, 0.3, 0.3, 0.3, 0.3, 0.3, 0.3, 0.3, 0.3, 0.3, 0.3, 0.3, 0.3, 0.3, 0.3, 0.3, 0.3, 0.3, 0.3, 0.3, 0.3, 0.3, 0.3, 0.3, 0.3, 0.3, 0.3, 0.3, 0.3, 0.3, 0.3, 0.3, 0.3, 0.3, 0.3, 0.3, 0.3, 0.3, 0.3, 0.3, 0.3, 0.3, 0.3, 0.3, 0.3, 0.3, 0.3, 0.3]
> Task settings
dataset: data/mnist, task_type: CNN
in_dim=28, out_dim=10, lr=0.001000
optimizer=SGD, loss_func=nllLoss
Clients futile percent (avg.=0.176):
EUR: 0.200600
SR: 0.293000
VV: 0.000000
Avg. round length: 809.6967942483465
Avg. T_dist: 5.991200000000001
Round trace: [0.4164790218245415, 0.32089213724363413, 0.2931657155127752, 0.272221654244122, 0.2565630233451014, 0.2476991150162759, 0.2379011416655211, 0.23340323157927817, 0.22854052489570206, 0.2244601944211338, 0.22251592126506423, 0.21871057218880877, 0.21629155920055645, 0.2149480509327813, 0.212656505002241, 0.20995377760078932, 0.20764628048897496, 0.20434191063339152, 0.20369878736559652, 0.2031500106971001, 0.20173086326156872, 0.2013642505341697, 0.19815219516828209, 0.19815219516828209, 0.19815219516828209, 0.1980253805144734, 0.19674711876131945, 0.19547186631248106, 0.1948883350284415, 0.19310225450041302, 0.19264886308900475, 0.1900381355060242, 0.18896042201064878, 0.18876221272221852, 0.18685838820628953, 0.18685838820628953, 0.18685838820628953, 0.18685838820628953, 0.18685838820628953, 0.1867656022158695, 0.1867656022158695, 0.18659442221467556, 0.18659442221467556, 0.1857755247666722, 0.18482749053456685, 0.18482749053456685, 0.18482749053456685, 0.18482749053456685, 0.18482749053456685, 0.18396804928775165]
accuracy trace: [0.6908, 0.7583, 0.779, 0.7968, 0.8086, 0.8167, 0.8248, 0.8281, 0.8333, 0.8355, 0.8376, 0.8416, 0.8436, 0.8429, 0.8485, 0.849, 0.8504, 0.852, 0.8546, 0.8549, 0.8554, 0.8564, 0.8579, 0.8561, 0.8566, 0.8558, 0.8587, 0.8601, 0.8619, 0.8621, 0.8599, 0.8629, 0.8638, 0.8655, 0.8654, 0.8676, 0.8659, 0.865, 0.863, 0.8657, 0.8657, 0.8642, 0.8639, 0.866, 0.8678, 0.8648, 0.866, 0.8667, 0.8649, 0.8669]
> Pick&crash traces
Extra args(SAFA only): None
Best loss = 0.183968 at round #49
Best accuracy: 0.8678
time trace: [1013.293290164544, 1810.6008958440666, 2299.2487707276837, 3204.148488494899, 4010.6683126489556, 4817.307990705357, 5616.03870167959, 6423.031062232114, 6884.122122875042, 7790.545928032845, 8806.19121819739, 9822.315971963466, 10586.581900123158, 11493.95770528096, 12258.695633440651, 12894.388631671749, 13385.18416983011, 14402.588777498533, 15016.173786430105, 15925.066474097608, 16425.885609114834, 17444.234216783254, 18246.732927757486, 19156.56161542499, 19923.18281468415, 20942.340104848696, 21581.126230423175, 22392.688093523393, 23042.15356686146, 23854.18742996168, 24765.7738034551, 25570.513443544107, 26591.318733708653, 27612.59548747473, 28524.891292632532, 29437.419097790334, 29906.208492888927, 30547.846973980795, 31361.766268745392, 32131.923468004552, 32946.43964527885, 33969.48425294727, 34883.54397071449, 35655.07389887419, 36462.9913989741, 37117.40901057208, 37772.05862217006, 38687.16303957984, 39711.70432974438, 40484.83971241732]


> Exp stats. at 07/10/24-09:41
> Env settings
Mode: FedCS_Nishio
n_clients=100, selected_clients=30, picked_clients=30
rounds=50, n_local_epochs=5, batch_size=40, lag_tol=2
data_dist=('N', 0.3), perf_dist=('X', None), crash_dist=('E', 0.1)
> Env details
client_shard_sizes [ 578  790  873  918  666  557  705  167  494  674  742  697  877  435
  747  624  905  552  758  883  554  644  713  956  704  558  551  907
 1046  637  427  541 1108  725  728  508  306  670  577  748  803  300
  475  578  647  708  663 1045  760  415  947  561  797 1254  765  817
  684  564 1208  924  638  328  504  593  476  810  771  635  725  451
  574  895  943  796  934  607  614  823  908 1334  714  688  554  607
  763  808  622  993  625 1034  498  741  607  655  305  737  960  357
  572  636]
clients_perf_vec [1.78670685 3.61546758 1.12455469 0.58001036 1.36792602 0.15279714
 4.2241505  0.42158449 0.16065346 0.4094253  0.57891631 2.49422796
 0.24164749 1.1562298  3.61817324 0.38741303 0.42987577 1.62763137
 0.74846368 0.03678731 0.12580169 0.56723018 0.54493015 2.529051
 1.25843537 1.61698604 1.29116229 1.96788972 0.43976902 0.7317974
 0.2755612  2.07847173 0.51381301 0.61815767 0.08571176 1.95765765
 0.54348357 1.01235583 0.57254573 0.52802753 2.6351492  0.01805788
 3.25212072 0.76835511 0.42928828 0.58221052 2.51590266 1.7007469
 0.98772542 0.70120081 1.01698891 0.7497477  0.73633292 0.52409727
 0.38439873 1.5951676  0.16282579 0.53412806 0.62321845 1.89656664
 0.21034192 0.22111594 0.25299746 0.63205981 1.19100348 0.09359625
 1.16459649 0.71654617 0.08017775 0.36412535 0.61846933 0.75289231
 2.1201335  0.46933431 0.31169159 1.63608679 1.49630229 1.01102899
 1.95544789 1.22693535 1.12035177 0.45502743 0.20843671 3.03377596
 1.52294823 0.90123488 0.7960799  3.73915024 1.46963343 0.9302762
 0.20989998 1.28142166 0.75899995 0.1503912  0.78526702 0.52790354
 0.41703746 0.18429105 0.87381381 0.69037624]
clients_crash_prob_vec [0.1, 0.1, 0.1, 0.1, 0.1, 0.1, 0.1, 0.1, 0.1, 0.1, 0.1, 0.1, 0.1, 0.1, 0.1, 0.1, 0.1, 0.1, 0.1, 0.1, 0.1, 0.1, 0.1, 0.1, 0.1, 0.1, 0.1, 0.1, 0.1, 0.1, 0.1, 0.1, 0.1, 0.1, 0.1, 0.1, 0.1, 0.1, 0.1, 0.1, 0.1, 0.1, 0.1, 0.1, 0.1, 0.1, 0.1, 0.1, 0.1, 0.1, 0.1, 0.1, 0.1, 0.1, 0.1, 0.1, 0.1, 0.1, 0.1, 0.1, 0.1, 0.1, 0.1, 0.1, 0.1, 0.1, 0.1, 0.1, 0.1, 0.1, 0.1, 0.1, 0.1, 0.1, 0.1, 0.1, 0.1, 0.1, 0.1, 0.1, 0.1, 0.1, 0.1, 0.1, 0.1, 0.1, 0.1, 0.1, 0.1, 0.1, 0.1, 0.1, 0.1, 0.1, 0.1, 0.1, 0.1, 0.1, 0.1, 0.1]
> Task settings
dataset: data/mnist, task_type: CNN
in_dim=28, out_dim=10, lr=0.001000
optimizer=SGD, loss_func=nllLoss
Clients futile percent (avg.=0.108):
EUR: 0.253600
SR: 0.286000
VV: 0.000000
Avg. round length: 540.5389194612566
Avg. T_dist: 5.8451200000000005
Round trace: [0.4451815826211656, 0.3257569865237566, 0.29595457380976786, 0.27134179847508977, 0.2569733315794174, 0.2457653103553124, 0.23496491272771905, 0.22850021256974595, 0.22450820549386494, 0.22041909672174229, 0.21642964486237418, 0.21361181705368823, 0.20852487118201538, 0.2075068383809952, 0.20370077718011725, 0.201950371672312, 0.2001515128806003, 0.1987835813582018, 0.19848321217006634, 0.19617712466969842, 0.19373631930779808, 0.19348082901754238, 0.19090719498557013, 0.1890231430221555, 0.18833409658798334, 0.18664677507802424, 0.18575209382573524, 0.18447462527553335, 0.18447462527553335, 0.18447462527553335, 0.18447462527553335, 0.18447462527553335, 0.18356886035897502, 0.18243798505084866, 0.18168962742679717, 0.18033785473115163, 0.1793480780650577, 0.1793480780650577, 0.17927468897761215, 0.17819283759356036, 0.17643880395453707, 0.1760718044842537, 0.1760718044842537, 0.17583282102854542, 0.17577680267981344, 0.1746986229022543, 0.1746628047046662, 0.17350845043712126, 0.17310454646023066, 0.17261810548797749]
accuracy trace: [0.6934, 0.7508, 0.7751, 0.7935, 0.8074, 0.8143, 0.8254, 0.8311, 0.8339, 0.8365, 0.8405, 0.8426, 0.8472, 0.8478, 0.8509, 0.8513, 0.8527, 0.853, 0.8521, 0.8561, 0.8563, 0.8554, 0.8592, 0.8618, 0.8607, 0.8644, 0.8651, 0.8662, 0.8644, 0.8659, 0.8615, 0.8649, 0.8667, 0.8666, 0.8665, 0.8685, 0.8694, 0.8678, 0.8696, 0.87, 0.8697, 0.872, 0.871, 0.8709, 0.872, 0.8737, 0.873, 0.8721, 0.8719, 0.8739]
> Pick&crash traces
Extra args(SAFA only): None
Best loss = 0.172618 at round #49
Best accuracy: 0.8739
time trace: [619.6750510596784, 1195.4993873100423, 1700.1580865168821, 2319.574831219535, 2896.589332508289, 3474.3484637592974, 4061.1862948397456, 4566.772738379547, 5072.807437586387, 5692.6790653644175, 6119.806187435408, 6626.528886642248, 7206.945987553613, 7795.7037554779345, 8417.172856863803, 9006.410624788125, 9629.285309291356, 10219.149127890778, 10648.744653815978, 11271.84139851863, 11853.320870240166, 12476.413971626032, 12971.459747933064, 13594.09994841803, 14185.743228901476, 14617.144101814216, 15047.166163801552, 15639.333982400974, 16222.111470533198, 16654.65567505662, 17011.60679862748, 17594.548929101486, 18092.145258739663, 18716.647958120877, 19300.8014462531, 19798.80722256013, 20423.108233502615, 21046.78189635317, 21641.78206756967, 22140.56198386579, 22653.692427405593, 23088.972631929013, 23713.400729849876, 24149.34220503781, 24773.818006372036, 25124.95922050302, 25560.525897576084, 26075.504596782925, 26590.699295989765, 27026.94597306283]
