

> Exp stats. at 07/07/24-19:05
> Env settings
Mode: FedCS_Nishio
n_clients=50, selected_clients=15, picked_clients=15
rounds=100, n_local_epochs=5, batch_size=32, lag_tol=2
data_dist=('N', 0.3), perf_dist=('X', None), crash_dist=('E', 0.1)
> Env details
client_shard_sizes [634 281 490 368 554 491 540 558 642 480 858 308 495 890 690 398 655 497
 864 531 680 708 638 804 568 533 754 723 365 603 655 717 415 605 708 450
 617 317 617 520 644 678 730 571 734 763 178 394 460 521]
clients_perf_vec [2.150311e+00 1.449253e+00 6.087597e-01 1.018204e+00 1.840874e-01
 1.232575e-01 8.050291e-01 2.202283e+00 1.427872e+00 1.486769e+00
 3.059691e+00 2.521963e-01 1.452026e+00 1.155421e-01 1.511384e-03
 4.697198e-01 5.852113e-01 9.600339e-01 6.559810e-01 3.957445e-01
 2.157178e-01 5.091674e-02 5.603786e+00 1.915348e+00 3.847008e+00
 6.513958e-01 3.788830e-01 4.116184e+00 2.983745e+00 8.600064e-02
 9.975734e-01 5.459264e+00 5.889370e-01 3.381748e+00 1.844157e+00
 3.966653e+00 9.644299e-01 2.390578e-01 1.667105e+00 4.481676e-01
 1.911760e-01 5.922719e-02 1.039175e+00 4.598547e+00 1.451555e+00
 1.594893e+00 5.197040e+00 2.572004e+00 4.819839e+00 3.302912e+00]
clients_crash_prob_vec [0.1, 0.1, 0.1, 0.1, 0.1, 0.1, 0.1, 0.1, 0.1, 0.1, 0.1, 0.1, 0.1, 0.1, 0.1, 0.1, 0.1, 0.1, 0.1, 0.1, 0.1, 0.1, 0.1, 0.1, 0.1, 0.1, 0.1, 0.1, 0.1, 0.1, 0.1, 0.1, 0.1, 0.1, 0.1, 0.1, 0.1, 0.1, 0.1, 0.1, 0.1, 0.1, 0.1, 0.1, 0.1, 0.1, 0.1, 0.1, 0.1, 0.1]
> Task settings
dataset: Boston, task_type: Reg
in_dim=8, out_dim=1, lr=0.000100
optimizer=SGD, loss_func=mse
Clients futile percent (avg.=0.082):
EUR: 0.263200
SR: 0.287800
VV: 0.000000
Avg. round length: 1177.4461745006897
Avg. T_dist: 5.8224800000000005
Round trace: [0.5085985315891429, 0.49646939714354976, 0.48811475966890994, 0.47616689085228797, 0.46597289715566276, 0.4546010727435831, 0.4423218337964574, 0.43181116380957396, 0.4224290167299178, 0.4122785430862411, 0.40483083814389764, 0.39490656641213273, 0.38783222754565316, 0.381161292153952, 0.37380380603997393, 0.36645989792808903, 0.3570069975586059, 0.3534265244539071, 0.35112922268201296, 0.34362391527749364, 0.3354283438213963, 0.3267896380567278, 0.32204218294326503, 0.3151597128755374, 0.3088657022211688, 0.3026221165360127, 0.29817959878537126, 0.29172924450401316, 0.2859595700758822, 0.28346278162017935, 0.27817297300554866, 0.2751660537672859, 0.2709591583856736, 0.26601999868862614, 0.262500297978613, 0.25800550044592446, 0.25592836507614725, 0.25243885424039236, 0.2499290214241897, 0.24613647378399184, 0.24229962018161144, 0.23948380603899533, 0.2362128344217591, 0.23235024724633055, 0.22988595911667722, 0.22692199866261087, 0.22336553436621837, 0.21984496629274328, 0.21677460615303448, 0.21500505088787872, 0.21296145305589886, 0.21025229053105385, 0.20875041080215817, 0.20586975717287476, 0.2029982476830859, 0.20019665585360555, 0.1990158487937273, 0.19796280473970904, 0.1968415827563976, 0.19483278010393074, 0.19395567878305195, 0.1925761418432644, 0.19101665291900383, 0.18904122335835763, 0.1880334882498902, 0.18624860417751962, 0.18519116310050493, 0.18265959885789002, 0.18105902550905972, 0.18091019576723272, 0.1794360105779163, 0.17849014891767262, 0.17744566535850978, 0.17695848223963342, 0.17607738999000877, 0.17435243892913838, 0.17346454342943377, 0.1719989319295822, 0.17104955157197116, 0.17052994530585416, 0.16895489403577574, 0.1675608663368757, 0.1667993442657116, 0.16587402341148832, 0.165575442216043, 0.16507833959717136, 0.16482270458582746, 0.16427781494319219, 0.16390226756720183, 0.16333524009343883, 0.16316203705766325, 0.16218131015423928, 0.1610184902442708, 0.15999931712174564, 0.15878436779619387, 0.15837424929324148, 0.15700357122492295, 0.15624078844126715, 0.15581028344300019, 0.15501490254641687]
accuracy trace: [0.024655757345954894, 0.047244843681139, 0.06297486871140567, 0.08578282960634409, 0.10551235537104205, 0.12777596430324012, 0.1521990980261658, 0.17346979878291527, 0.1927448148223086, 0.21362493942870955, 0.2290887248766103, 0.24975920212411581, 0.26448051720876187, 0.2782653197785385, 0.2933798689507874, 0.3083006499704295, 0.32723630876568205, 0.33432531460367737, 0.33883407981600194, 0.35339882864443467, 0.36894938092483587, 0.38500882815248605, 0.39376219335357865, 0.40643262559091736, 0.41792787115673063, 0.42922310226556215, 0.4372896388458811, 0.4487715433145086, 0.45897439739617824, 0.46334181185815626, 0.4724767932992844, 0.4775997757779658, 0.4847189701782623, 0.49297558933737834, 0.4988018764239525, 0.5061780964659021, 0.5095388298505993, 0.515067516651716, 0.5189567517184663, 0.5248905498775024, 0.5308118798810817, 0.5350766508416039, 0.5400278020657626, 0.5458084160979416, 0.5494820668580681, 0.5538475035531897, 0.5590819773430097, 0.5641978133167868, 0.5686482648465958, 0.5711761275533904, 0.5741083075358743, 0.5779576918827487, 0.5800884704635392, 0.5841356466004136, 0.588100974028553, 0.5919670377122891, 0.593595424659394, 0.5950229849181324, 0.596574805472197, 0.5993027562392725, 0.6004994303006618, 0.602376723727644, 0.6044839764331182, 0.6071345981300978, 0.6084728329835354, 0.6108108933321652, 0.6121873454362073, 0.6154840221419552, 0.6175291476847433, 0.6177273156767181, 0.6195949605239538, 0.6207862080212092, 0.6221024597063274, 0.6227153220489924, 0.6238010554996223, 0.6259044991601023, 0.6269757302523468, 0.6287044484928718, 0.6298105527828695, 0.630403164081312, 0.6322120143367632, 0.6337676418399435, 0.6345973156468385, 0.6355948506973025, 0.63590835227829, 0.636428133623818, 0.6366983792431472, 0.6372676791266487, 0.6376574632163823, 0.6382335555539409, 0.6384084331887795, 0.6394032162556212, 0.6405419476875395, 0.6415141153733294, 0.6426268310219125, 0.6429986395934564, 0.6441954513227205, 0.6448512919107391, 0.6452169475435279, 0.645884488510526]
> Pick&crash traces
Extra args(SAFA only): None
Best loss = 0.155015 at round #99
Best accuracy: 0.645884488510526
time trace: [1250.6339835357778, 2501.160582226661, 3178.5760181527603, 4312.621539311057, 6146.1006080937195, 6711.450233809575, 7239.4019546199315, 9073.046099228097, 9601.118502534575, 10735.723997883446, 11083.92213591573, 12336.057573964752, 12603.942787535123, 13120.83684526436, 14256.018340613233, 15508.617778662254, 17343.70150427874, 17872.821907585218, 19008.324464111905, 19262.4988704897, 20515.897862146874, 21769.41685380405, 23604.991922586712, 24741.34144374501, 26576.937588353176, 27831.342105033593, 29667.17024964176, 30016.6768536984, 30695.923416710208, 32532.095561318372, 33787.76487736702, 35624.16102197519, 36880.06233802385, 38717.074063640335, 39854.535558989206, 41110.78887503786, 42248.63439619616, 44086.524726695556, 45924.72105291264, 47063.05569931402, 47631.72513374707, 47795.55574161883, 49634.427891569154, 50203.726128918584, 51461.02744496724, 52599.776940316115, 54439.53432194478, 54960.35637967402, 56800.1382063006, 57481.816769312405, 58740.290003883805, 59261.97756202255, 59508.98392487907, 61349.325751505654, 63189.581901455975, 64448.623136027374, 65019.417373376804, 66859.6117038762, 68699.9260343756, 69383.31871561258, 71223.84104611198, 73064.67737232907, 74205.07806476156, 76045.74420307647, 77886.13527185912, 79727.04141017403, 80988.07828068339, 82128.78242098929, 83970.23275148869, 84242.95363179373, 85504.695258522, 86188.32793861498, 86723.64184446915, 87259.30556527952, 88521.51119200778, 89205.04584013311, 90346.65126879279, 91609.20889552105, 92871.87852224932, 94714.60885274872, 95288.17109009814, 96550.9359606075, 98394.41611055782, 99536.69185506494, 101380.60968169154, 102065.58788782184, 102284.75787706967, 104129.02770369627, 105271.75878017004, 106414.59385664383, 106655.75407080787, 107193.74692106857, 108457.04415563997, 110301.58448185706, 110839.79234876507, 112103.44158333648, 113367.44429380858, 114054.07697390157, 115899.39712385189, 117744.61745006898]


> Exp stats. at 07/07/24-19:07
> Env settings
Mode: FedCS_Nishio
n_clients=50, selected_clients=15, picked_clients=15
rounds=100, n_local_epochs=5, batch_size=32, lag_tol=2
data_dist=('N', 0.3), perf_dist=('X', None), crash_dist=('E', 0.3)
> Env details
client_shard_sizes [414 634 744 717 721 586 435 545 585 606 770 403 578 962 454 305 748 467
 487 681 580 880 251 463 897 384 301 477 722 511 420 534 675 191 642 317
 503 501 567 548 714 600 515 531 567 616 768 831 748 798]
clients_perf_vec [2.150311e+00 1.449253e+00 6.087597e-01 1.018204e+00 1.840874e-01
 1.232575e-01 8.050291e-01 2.202283e+00 1.427872e+00 1.486769e+00
 3.059691e+00 2.521963e-01 1.452026e+00 1.155421e-01 1.511384e-03
 4.697198e-01 5.852113e-01 9.600339e-01 6.559810e-01 3.957445e-01
 2.157178e-01 5.091674e-02 5.603786e+00 1.915348e+00 3.847008e+00
 6.513958e-01 3.788830e-01 4.116184e+00 2.983745e+00 8.600064e-02
 9.975734e-01 5.459264e+00 5.889370e-01 3.381748e+00 1.844157e+00
 3.966653e+00 9.644299e-01 2.390578e-01 1.667105e+00 4.481676e-01
 1.911760e-01 5.922719e-02 1.039175e+00 4.598547e+00 1.451555e+00
 1.594893e+00 5.197040e+00 2.572004e+00 4.819839e+00 3.302912e+00]
clients_crash_prob_vec [0.3, 0.3, 0.3, 0.3, 0.3, 0.3, 0.3, 0.3, 0.3, 0.3, 0.3, 0.3, 0.3, 0.3, 0.3, 0.3, 0.3, 0.3, 0.3, 0.3, 0.3, 0.3, 0.3, 0.3, 0.3, 0.3, 0.3, 0.3, 0.3, 0.3, 0.3, 0.3, 0.3, 0.3, 0.3, 0.3, 0.3, 0.3, 0.3, 0.3, 0.3, 0.3, 0.3, 0.3, 0.3, 0.3, 0.3, 0.3, 0.3, 0.3]
> Task settings
dataset: Boston, task_type: Reg
in_dim=8, out_dim=1, lr=0.000100
optimizer=SGD, loss_func=mse
Clients futile percent (avg.=0.181):
EUR: 0.204600
SR: 0.288200
VV: 0.000000
Avg. round length: 1098.5352430042046
Avg. T_dist: 5.817280000000002
Round trace: [0.5060656275287346, 0.49642216458974414, 0.48396425056740516, 0.47308844315653387, 0.46280916181010323, 0.45324684706701857, 0.4442789108240952, 0.4313401989422218, 0.4244853064257805, 0.41852163369418416, 0.4080366230670853, 0.3960784487239775, 0.3907921878243158, 0.38398520797021796, 0.3732172978289295, 0.36264570929634665, 0.35496676627661455, 0.34821823100831345, 0.33905071898686, 0.3339367267759625, 0.32633650344113624, 0.3192470151039432, 0.3138720581797733, 0.3081204591145846, 0.30086416102991975, 0.2951972786587302, 0.29213719632618623, 0.28671391142714747, 0.28254488692066154, 0.27737317990621974, 0.27461248017894613, 0.2702931302519667, 0.2642771402884994, 0.2623183438839052, 0.25791578202445814, 0.25456669125596154, 0.24893507581781435, 0.2460131930441232, 0.24389751217286196, 0.240059271726146, 0.23676328499243743, 0.23415102233095886, 0.23129781374262007, 0.22857062416936288, 0.22797665299911793, 0.2250296520288836, 0.22164569476027357, 0.21800745715462666, 0.21574447475512418, 0.21450922570975844, 0.2106688095774689, 0.20871212037384507, 0.20557988814171296, 0.2039100755893027, 0.2032711948591867, 0.19888723849938822, 0.19788294260582284, 0.1974630650384432, 0.19626008230958547, 0.19427482880058422, 0.19272916375227914, 0.1922892897585039, 0.19079471676384627, 0.18996453757853948, 0.1881147864011404, 0.18769713741463906, 0.18608511514692985, 0.18509123311501322, 0.18343155159447763, 0.18105958359002597, 0.17871532894312184, 0.1773587313575958, 0.1770368059892262, 0.17583023279301468, 0.1751860575508878, 0.17414168985505635, 0.1723792775291674, 0.1715993622698967, 0.16872061913960415, 0.16719098454301431, 0.16609192512389775, 0.16609192512389775, 0.16476854590874448, 0.1644420139367848, 0.1635336498414029, 0.16274830009867988, 0.16231826719306336, 0.161347996434636, 0.16085879400527273, 0.1603972647734752, 0.1596504098771697, 0.15899814860614012, 0.1578344177357396, 0.15739003318609807, 0.1564611819724959, 0.1563734274735982, 0.15519952164461728, 0.15433741440648782, 0.15348443210585816, 0.15348443210585816]
accuracy trace: [0.029359790803058144, 0.04742929403151642, 0.0709241138879606, 0.09175104451540919, 0.111724876046321, 0.13055843145795995, 0.14842918401128521, 0.1746099958570307, 0.18867033786440982, 0.20096783507379387, 0.22258280505934017, 0.2475061832418605, 0.2585015216442741, 0.27260756807409126, 0.29473826081033083, 0.3161617984464443, 0.3314512933902182, 0.3446428405171638, 0.36225406896814705, 0.3719112791511405, 0.38598602634734774, 0.3991319769029676, 0.408987725747286, 0.4194529997136524, 0.43263688382536697, 0.44283858587100383, 0.4482219425825097, 0.45779589063825676, 0.46509648817521426, 0.47399381595457635, 0.47865564865893356, 0.485955883047775, 0.4959584316712577, 0.49914724367864816, 0.5063129344217223, 0.5116845564569265, 0.5205579615055157, 0.5251017488591306, 0.5283728111175597, 0.5342270235722557, 0.5392111146987215, 0.5431214355222658, 0.547361872481204, 0.5514310165747743, 0.5523171169647108, 0.5566529442779315, 0.5616079333942968, 0.5668671213813973, 0.5701034982666355, 0.5718815337335097, 0.5773851505866915, 0.5801520808688528, 0.5845430728646062, 0.5868451822057368, 0.587710643842772, 0.5937649947991129, 0.5951544016284036, 0.5957398925874194, 0.5973801196731316, 0.6000837791235858, 0.6021941985078623, 0.6027722327347947, 0.6048069259505986, 0.605922793998779, 0.6083776035498292, 0.6089143704698021, 0.6110339696459962, 0.6123350495210179, 0.61446249408277, 0.617511152189694, 0.6204907501446068, 0.622190154249828, 0.6225919101183296, 0.6240614200534479, 0.6248450146716895, 0.6260958026501269, 0.6281980346658036, 0.6291090418098129, 0.6324218972674734, 0.6341195770586339, 0.6353106804518516, 0.6353068145458332, 0.6367039224586083, 0.6370386792160017, 0.6379689529064725, 0.638765962666654, 0.6391989793085661, 0.6401409990623962, 0.6406159904610949, 0.6410545980327145, 0.6417495386158379, 0.6423455877535779, 0.6433739480802639, 0.6437625677649799, 0.6445601954793174, 0.6446374452855914, 0.6456264190346409, 0.6463379494218238, 0.6470222884893929, 0.6470132699233566]
> Pick&crash traces
Extra args(SAFA only): None
Best loss = 0.153484 at round #98
Best accuracy: 0.6470222884893929
time trace: [1633.7612807640826, 2432.4042406560884, 3231.477566780248, 4865.59084754433, 5548.560924534123, 6891.333921518262, 7690.237944639243, 9033.234941623383, 9489.09821372466, 11123.899494488742, 12467.256491472883, 13454.528544426457, 14255.38512390415, 15890.148239629843, 17233.641299770108, 18577.246359910376, 18817.88916434897, 20162.04616133311, 21797.623071282447, 23433.311981231782, 23890.439107235405, 25234.558247349123, 26035.61720724113, 26670.480025322446, 28307.260292929997, 29651.670856499164, 30452.878879620144, 31253.903338901648, 31546.928837004514, 33184.55474773085, 34822.0390153384, 35811.93927213225, 37157.16583570142, 38795.25574642775, 39785.16779938132, 40153.0011016871, 41498.512415941914, 41957.47222444166, 43596.130135167994, 43873.98173563685, 45220.12029920602, 46858.86056681357, 47662.22352670557, 47956.3391035486, 48946.73407395254, 49637.52302749577, 51276.839295103324, 51914.22760260821, 53554.037513334544, 55193.705780942095, 56540.663157122035, 57231.07446701651, 58578.26384319644, 59569.068407063096, 61208.79731701244, 62556.34669319237, 63546.87903733368, 64537.531381475, 65228.76669136947, 66219.33609873976, 67210.32444288109, 68201.11785025138, 69549.14722131123, 71189.65433703692, 71652.208421881, 72642.85401920993, 73633.91986274075, 74982.5252338006, 76623.36509324488, 77972.20246430473, 79321.1518353646, 80012.8479485717, 81004.30954590061, 81696.23765910772, 83337.27046904706, 84978.17941223519, 86327.66668552738, 87135.68586514473, 88485.70659875438, 88784.43673430744, 90425.67220159486, 91775.57862690413, 92585.13688838344, 94226.4772356326, 94510.6102900084, 96151.95383877306, 96961.6594249277, 97955.76776906902, 99597.45531783368, 101239.02835602192, 101571.86842278882, 103214.14477003796, 104209.13948041144, 105204.25419078491, 106555.36261066908, 107367.09348321363, 108012.07986825597, 108707.28985607767, 109041.3374278759, 109853.52430042045]


> Exp stats. at 07/07/24-19:08
> Env settings
Mode: FedCS_Nishio
n_clients=50, selected_clients=15, picked_clients=15
rounds=100, n_local_epochs=5, batch_size=32, lag_tol=2
data_dist=('N', 0.3), perf_dist=('X', None), crash_dist=('E', 0.5)
> Env details
client_shard_sizes [444 971 520 464 263 381 463 555 583 465 631 527 541 675 581 734 478 702
 477 718 465 878 445 446 451 755 398 627 853 590 534 645 644 761 635 678
 685 620 827 530 396 533 244 885 380 360 534 697 477 748]
clients_perf_vec [2.150311e+00 1.449253e+00 6.087597e-01 1.018204e+00 1.840874e-01
 1.232575e-01 8.050291e-01 2.202283e+00 1.427872e+00 1.486769e+00
 3.059691e+00 2.521963e-01 1.452026e+00 1.155421e-01 1.511384e-03
 4.697198e-01 5.852113e-01 9.600339e-01 6.559810e-01 3.957445e-01
 2.157178e-01 5.091674e-02 5.603786e+00 1.915348e+00 3.847008e+00
 6.513958e-01 3.788830e-01 4.116184e+00 2.983745e+00 8.600064e-02
 9.975734e-01 5.459264e+00 5.889370e-01 3.381748e+00 1.844157e+00
 3.966653e+00 9.644299e-01 2.390578e-01 1.667105e+00 4.481676e-01
 1.911760e-01 5.922719e-02 1.039175e+00 4.598547e+00 1.451555e+00
 1.594893e+00 5.197040e+00 2.572004e+00 4.819839e+00 3.302912e+00]
clients_crash_prob_vec [0.5, 0.5, 0.5, 0.5, 0.5, 0.5, 0.5, 0.5, 0.5, 0.5, 0.5, 0.5, 0.5, 0.5, 0.5, 0.5, 0.5, 0.5, 0.5, 0.5, 0.5, 0.5, 0.5, 0.5, 0.5, 0.5, 0.5, 0.5, 0.5, 0.5, 0.5, 0.5, 0.5, 0.5, 0.5, 0.5, 0.5, 0.5, 0.5, 0.5, 0.5, 0.5, 0.5, 0.5, 0.5, 0.5, 0.5, 0.5, 0.5, 0.5]
> Task settings
dataset: Boston, task_type: Reg
in_dim=8, out_dim=1, lr=0.000100
optimizer=SGD, loss_func=mse
Clients futile percent (avg.=0.291):
EUR: 0.139400
SR: 0.286400
VV: 0.000000
Avg. round length: 960.8341640498365
Avg. T_dist: 5.793920000000001
Round trace: [0.5142648216795407, 0.5039196118543366, 0.4953274654175782, 0.4837901647616591, 0.479379151067913, 0.46942205337304566, 0.4677064696122899, 0.4677064696122899, 0.4508317543990255, 0.4461437933765428, 0.44012608114122803, 0.431495475497347, 0.4216472280788709, 0.4180190706275432, 0.40875576754270276, 0.40200578048765095, 0.39103625174816353, 0.3835387272828406, 0.3742686193667259, 0.36717498402661114, 0.36461022596214276, 0.35557825793767855, 0.35055387409019473, 0.3438086978083738, 0.338474593705969, 0.33259636641239976, 0.3265610454192364, 0.32445036183930787, 0.3223031555022382, 0.316428765344123, 0.30850989816225133, 0.30384217460886587, 0.29901458069242026, 0.2943486295481431, 0.289198156722451, 0.2818708126249978, 0.2771920056649917, 0.2741215252482536, 0.27019738834316565, 0.26414776804720114, 0.2614231618620397, 0.25816590030883374, 0.25724869401824974, 0.25402308489029535, 0.2510215065978932, 0.24984336009741445, 0.24600592212817537, 0.24165079651343158, 0.23717058222110518, 0.2332755581300701, 0.22814070283526391, 0.22551188617633558, 0.22391804068786458, 0.2218030049089841, 0.2191886120508241, 0.21536761621879702, 0.21190209035142424, 0.20962260434205776, 0.20651323272638247, 0.20599621069739096, 0.20350475642448546, 0.20139618382904403, 0.19861183025616547, 0.19743597641418348, 0.1951013174972052, 0.1924495343411072, 0.19112875772347113, 0.1908699980836096, 0.18837319851005555, 0.18782755260603037, 0.18550249429166046, 0.18314572495704054, 0.18246785546097966, 0.18143389725564912, 0.1805967928894954, 0.1805967928894954, 0.1789885628911322, 0.17790394051694453, 0.17707728090255642, 0.17568164443901318, 0.17561691712217464, 0.17450884866990862, 0.17374310672261511, 0.1714728807086153, 0.1714728807086153, 0.1714728807086153, 0.17044769948505126, 0.16983239982124188, 0.16983239982124188, 0.16983239939829628, 0.16942427625813614, 0.16904445208508478, 0.16809523328246836, 0.16735619710957164, 0.16735619710957164, 0.16658682139532924, 0.16466637488612657, 0.16365587157850062, 0.1631170517199792, 0.16264258941194945]
accuracy trace: [0.014306456830465745, 0.03347026554615826, 0.049536906448360826, 0.07132978453606134, 0.07973216376172933, 0.09897623732897487, 0.10233761969343423, 0.10233761940463204, 0.13542245991743088, 0.14479044040792283, 0.1569012777239441, 0.1744622877289896, 0.19471473800952008, 0.20220258713775235, 0.22130778854987593, 0.23536834094551942, 0.25818479927533255, 0.2736445614819115, 0.292669322595156, 0.30706537581813653, 0.31224003490497637, 0.3302183965172183, 0.3400797311175593, 0.35316413060483565, 0.3633575121481922, 0.3744019021862162, 0.38559599942036166, 0.3894929031216084, 0.39345452695468175, 0.40430215700626404, 0.418770096813955, 0.42727623617821536, 0.4360486841650663, 0.44441344727774745, 0.4535359131586034, 0.46626849680976024, 0.47431911353694617, 0.4795453462698406, 0.48617306682752753, 0.4961759628594074, 0.5006003879738355, 0.5059028441059207, 0.507387000845899, 0.512576949768036, 0.5173404438277631, 0.5192017001190458, 0.5251732184547466, 0.5318188436090587, 0.5385773439568088, 0.5444058253664933, 0.5520421308184558, 0.5558946870013142, 0.5582508796464616, 0.5613428497797991, 0.5651500889600961, 0.5706724292218516, 0.5756567418678431, 0.5788996654447325, 0.583202703342212, 0.5839257614706811, 0.5873889307410707, 0.5903010194240709, 0.5941272855440357, 0.5957252870358885, 0.5989477294674792, 0.6025338463901425, 0.6043191049646373, 0.6046603019488198, 0.6080118058181151, 0.60874105610055, 0.6117861166399409, 0.61483303970174, 0.6157076308708616, 0.6170355925396948, 0.6181134133303612, 0.6174370062312445, 0.6201724504454125, 0.6215463607643124, 0.6225790355150581, 0.6243035973228204, 0.6243854149523149, 0.6257215976764596, 0.6266442078277299, 0.6293116460384823, 0.6293042415507138, 0.6291879594321893, 0.6304805440507298, 0.6311862708507809, 0.6311691803957604, 0.6311862719069717, 0.6316532585631938, 0.6320831086376988, 0.633160364283751, 0.6339758018510947, 0.6333837166099537, 0.6348139533800526, 0.6368329237470695, 0.6378845280616384, 0.6384330185266517, 0.6389182421247992]
> Pick&crash traces
Extra args(SAFA only): None
Best loss = 0.162643 at round #99
Best accuracy: 0.6389182421247992
time trace: [1456.244048473007, 2912.859353227421, 3436.6799631394733, 4408.4481223162265, 5865.669221294284, 6990.118389989826, 8114.420478935354, 9571.985577913412, 10697.048608439698, 11221.66921835175, 11673.214988573718, 12645.55515047045, 13097.32492069242, 14555.826390485223, 15008.237661116691, 16466.70676009475, 17439.9469192715, 18412.959081168232, 18786.421405640234, 19759.997564816986, 20733.01766003809, 22192.431129830897, 22646.819482914798, 24106.4729527076, 24561.318649847144, 25688.063818542683, 26143.57435504036, 26599.19689153804, 28059.66934817431, 29186.595437119835, 30647.299893756106, 31774.457982701635, 32749.54614187839, 33724.41430377512, 34028.003745421, 34405.16594777019, 35533.17511646573, 36660.77286494073, 38122.15433473353, 39584.17643448859, 40712.11818296359, 41687.90634486033, 42815.81845021654, 43944.10419869154, 44919.90029391264, 45450.01207804927, 45696.7625319665, 47159.696631721556, 47447.65808992455, 47735.877785441466, 48115.633724812586, 49092.22982003369, 50555.99626025928, 51533.15242215601, 52064.46400883124, 52427.98746772695, 53558.00955667248, 55022.61107664808, 56487.31659662368, 57019.37346940322, 57551.373056078446, 58682.24622477399, 59046.24545039765, 60511.542970373244, 61043.66441699245, 62509.20193696804, 62969.76170976401, 63949.21786618879, 64928.78602261357, 66394.49646283916, 67860.32690306475, 68150.92036126775, 69282.79045021329, 70263.63488675011, 71395.21099210632, 72861.87651208192, 73993.40163059466, 75460.28315057025, 75921.96124067607, 77389.07476065168, 78856.57814245802, 79838.68300899198, 81305.88144921757, 82437.95819691557, 83420.759787784, 83882.3561408679, 85015.01725938065, 86148.04936473687, 87281.19347009309, 87743.02249156631, 88124.48863276008, 89107.71349929406, 90575.50595593033, 91111.61361723879, 91497.77267948589, 92481.46154601985, 93615.53365137607, 95083.65112116888, 95619.9947078441, 96083.41640498365]


> Exp stats. at 07/07/24-19:10
> Env settings
Mode: FedCS_Nishio
n_clients=50, selected_clients=15, picked_clients=15
rounds=100, n_local_epochs=5, batch_size=32, lag_tol=2
data_dist=('N', 0.3), perf_dist=('X', None), crash_dist=('E', 0.7)
> Env details
client_shard_sizes [ 670  273  601  585  564  597  585  611  597  580  574  661  660  371
  613  628  734  412  468  698  677  537  918  182  394  647  682  294
  565  457 1102  464  824  534  661  380  463  485  848  510  711  580
  821  620  488  458  627  591  473  419]
clients_perf_vec [2.150311e+00 1.449253e+00 6.087597e-01 1.018204e+00 1.840874e-01
 1.232575e-01 8.050291e-01 2.202283e+00 1.427872e+00 1.486769e+00
 3.059691e+00 2.521963e-01 1.452026e+00 1.155421e-01 1.511384e-03
 4.697198e-01 5.852113e-01 9.600339e-01 6.559810e-01 3.957445e-01
 2.157178e-01 5.091674e-02 5.603786e+00 1.915348e+00 3.847008e+00
 6.513958e-01 3.788830e-01 4.116184e+00 2.983745e+00 8.600064e-02
 9.975734e-01 5.459264e+00 5.889370e-01 3.381748e+00 1.844157e+00
 3.966653e+00 9.644299e-01 2.390578e-01 1.667105e+00 4.481676e-01
 1.911760e-01 5.922719e-02 1.039175e+00 4.598547e+00 1.451555e+00
 1.594893e+00 5.197040e+00 2.572004e+00 4.819839e+00 3.302912e+00]
clients_crash_prob_vec [0.7, 0.7, 0.7, 0.7, 0.7, 0.7, 0.7, 0.7, 0.7, 0.7, 0.7, 0.7, 0.7, 0.7, 0.7, 0.7, 0.7, 0.7, 0.7, 0.7, 0.7, 0.7, 0.7, 0.7, 0.7, 0.7, 0.7, 0.7, 0.7, 0.7, 0.7, 0.7, 0.7, 0.7, 0.7, 0.7, 0.7, 0.7, 0.7, 0.7, 0.7, 0.7, 0.7, 0.7, 0.7, 0.7, 0.7, 0.7, 0.7, 0.7]
> Task settings
dataset: Boston, task_type: Reg
in_dim=8, out_dim=1, lr=0.000100
optimizer=SGD, loss_func=mse
Clients futile percent (avg.=0.357):
EUR: 0.086600
SR: 0.292600
VV: 0.000000
Avg. round length: 1149.3647813243856
Avg. T_dist: 5.912479999999999
Round trace: [0.5124156632284977, 0.49981268001744367, 0.4975395482599022, 0.48675578130885605, 0.47628513457089927, 0.4620374068052288, 0.4620374068052288, 0.4530128636698236, 0.435616127439132, 0.43208790197126196, 0.42007505034219267, 0.41016264623680776, 0.404306230632208, 0.3947393004078591, 0.39098157706545317, 0.3778988688977228, 0.37338104072142414, 0.3600391262025603, 0.35450632335228277, 0.3481271212417584, 0.3481271212417584, 0.3408024681257372, 0.33697744959409437, 0.33051785080722534, 0.32510973521278447, 0.3245700287141714, 0.3199693001358522, 0.31506392132979394, 0.31506392132979394, 0.31117900278995614, 0.3020724303080659, 0.3020724303080659, 0.29530222145738244, 0.29070693831764477, 0.2898871743548011, 0.28388620019909616, 0.276815995625888, 0.27488674241877986, 0.26885982867250896, 0.2612471351842516, 0.25978690310073316, 0.2566614529931345, 0.2544143310647568, 0.2510408369637183, 0.24735900901501046, 0.2460820156466023, 0.24252163523926037, 0.2411653250821346, 0.2411653250821346, 0.23851480320392615, 0.23322747568407354, 0.2251867273473782, 0.22248047520872805, 0.21903424541909938, 0.2177469423625832, 0.2177469423625832, 0.21603934803014396, 0.21356940259573406, 0.21270568322198394, 0.21077019189775, 0.20951573652181005, 0.20809409161533277, 0.20556717947831143, 0.20173683396744532, 0.20088841843315594, 0.1975392590840774, 0.19508720469053106, 0.19247306356721228, 0.19146279546753164, 0.18880475559974272, 0.18770906488263425, 0.18644152316365578, 0.1833235233979575, 0.1805903647013068, 0.1805903647013068, 0.17917890201541725, 0.17691535345812323, 0.17441588204294783, 0.17151373969663222, 0.17108797365618303, 0.16893908168169372, 0.16880282860676285, 0.16712899611426127, 0.16663331238934434, 0.16663331238934434, 0.16454925334447443, 0.16337739712925228, 0.1620238095944045, 0.16144656908582714, 0.15877980150611434, 0.15826523832359243, 0.15749669805575692, 0.15520603419609616, 0.15405444130457896, 0.15262793329283236, 0.15255385630267287, 0.15093670658789707, 0.1490216498441723, 0.14791402100221254, 0.14743018866779456]
accuracy trace: [0.017564355225482844, 0.04088627389370632, 0.04514910379825533, 0.06543159800482809, 0.08537949185276672, 0.11295869032008314, 0.11295869032008314, 0.13069843514415974, 0.16554423518731057, 0.17274423700356933, 0.19737837280692086, 0.2178183370225032, 0.2299645326620585, 0.24996118132710135, 0.25778178236035154, 0.28476117245505866, 0.29401906555958285, 0.3209675705052498, 0.33202633675286586, 0.34457124502855063, 0.34457124502855063, 0.3587169400414703, 0.36597862380709606, 0.37808590662011543, 0.38811973414553436, 0.389125327040945, 0.3976304029406763, 0.4066973985244042, 0.40669739829336243, 0.4137978440107685, 0.4303922714135503, 0.4303922713475383, 0.442572257395326, 0.4507339702367436, 0.45217347340228325, 0.46269844537904503, 0.47489135245711794, 0.4781306465455815, 0.4884279284244872, 0.5009819196608435, 0.5033923075951168, 0.5084618679617502, 0.5120358865979122, 0.5173577670532171, 0.5231324358985541, 0.5251231040848641, 0.5305796931208628, 0.5326663930993546, 0.5326663930993546, 0.5366259673652232, 0.5445816025087361, 0.5565745850421981, 0.5605583716166624, 0.5655088579191785, 0.567381413798023, 0.567314742238099, 0.5698417391819617, 0.5734145352978554, 0.574639515616188, 0.5773827577615895, 0.5791654472178783, 0.5811739976764048, 0.5847157651126991, 0.5900089098003287, 0.5911825596687992, 0.5957396729492338, 0.5991157257178172, 0.6026802163037609, 0.6040440444641975, 0.6075473581497798, 0.6089899985981853, 0.610628982481267, 0.6146767855045366, 0.6181858127864908, 0.6181491585085448, 0.6199480066656233, 0.6227860421039262, 0.6258298807872936, 0.6292367226039282, 0.629723892786548, 0.6321795485279936, 0.6323349627275454, 0.6342049709503119, 0.6347441976644873, 0.6346204593667293, 0.6369547760180473, 0.638158953184899, 0.6395280764467156, 0.6400910221004664, 0.6425766609462147, 0.643026460027368, 0.6437040957115988, 0.6456586782879637, 0.6466143090576253, 0.64773909598558, 0.647807125126176, 0.6490398845045824, 0.6504329146625608, 0.6512113749597233, 0.6515407348047154]
> Pick&crash traces
Extra args(SAFA only): None
Best loss = 0.147430 at round #99
Best accuracy: 0.6515407348047154
time trace: [1711.3140227731126, 2583.8538830842404, 4162.866503200771, 4782.173551905867, 5322.930154992334, 5849.84511574073, 6722.9769760518575, 8435.918423687028, 9055.51880685612, 9928.636527111224, 11508.334636651329, 13088.38725676786, 14801.904704403032, 16382.434123004052, 18095.78327405258, 19810.074286617448, 20430.901335322542, 21305.14539309508, 21755.95911454916, 23337.208533150184, 23958.373717761082, 25674.22007841787, 27255.821497018893, 28971.483445486563, 29767.190457567638, 30218.684184858295, 31934.706133325966, 32478.323236560933, 33274.64010865291, 34071.06898074489, 35786.73042838006, 36409.77356695985, 37206.554439051826, 37829.54042657911, 38452.790439915814, 40169.457452480674, 40966.718324572656, 41843.15604482776, 43560.167057392624, 45278.14141804941, 46996.66577526623, 48715.31013248305, 49513.93062742489, 50041.47957849326, 51760.467935710076, 52559.568093773254, 54278.35845443004, 54810.73075763526, 56530.18311485208, 57076.07235572222, 58795.32671637901, 60379.86482591911, 62099.78118313593, 63820.69473333521, 65404.8867117504, 66030.72985033019, 66909.54990810272, 67535.47192143943, 68336.0840795026, 69215.24813727515, 70937.4171147675, 72660.15956586767, 73539.8514261788, 75262.82587727897, 76986.37997169592, 77866.24802946846, 79590.96443024244, 79898.18380663557, 80525.53894521536, 80981.86820527948, 82567.92418369467, 83448.6720440058, 84329.88797895017, 86054.48207336712, 86413.03665492077, 87999.66863333597, 89586.18692906102, 91311.23702347797, 92897.76376559486, 94623.98416636884, 95427.0046613107, 97013.65394891435, 98739.75398313189, 99542.86612255634, 100346.36661749819, 102072.35271191514, 102955.7382204392, 103487.46609197187, 104117.14123055166, 105843.13968165184, 107569.25013275201, 108373.83895884853, 110100.18940994871, 110408.53578253184, 110958.53356834635, 111508.7900658071, 113235.62051690728, 113768.90879398077, 114130.93730634204, 114936.47813243855]


> Exp stats. at 07/09/24-20:27
> Env settings
Mode: FedCS_Nishio
n_clients=50, selected_clients=15, picked_clients=15
rounds=100, n_local_epochs=5, batch_size=32, lag_tol=2
data_dist=('N', 0.3), perf_dist=('X', None), crash_dist=('E', 0.5)
> Env details
client_shard_sizes [724 462 464 411 641 505 425 581 441 761 531 934 365 568 784 631 467 531
 517 230 524 394 767 790 263 687 477 517 464 560 608 735 458 622 327 343
 524 507 930 633 430 844 724 443 451 748 707 898 713 833]
clients_perf_vec [2.150311e+00 1.449253e+00 6.087597e-01 1.018204e+00 1.840874e-01
 1.232575e-01 8.050291e-01 2.202283e+00 1.427872e+00 1.486769e+00
 3.059691e+00 2.521963e-01 1.452026e+00 1.155421e-01 1.511384e-03
 4.697198e-01 5.852113e-01 9.600339e-01 6.559810e-01 3.957445e-01
 2.157178e-01 5.091674e-02 5.603786e+00 1.915348e+00 3.847008e+00
 6.513958e-01 3.788830e-01 4.116184e+00 2.983745e+00 8.600064e-02
 9.975734e-01 5.459264e+00 5.889370e-01 3.381748e+00 1.844157e+00
 3.966653e+00 9.644299e-01 2.390578e-01 1.667105e+00 4.481676e-01
 1.911760e-01 5.922719e-02 1.039175e+00 4.598547e+00 1.451555e+00
 1.594893e+00 5.197040e+00 2.572004e+00 4.819839e+00 3.302912e+00]
clients_crash_prob_vec [0.5, 0.5, 0.5, 0.5, 0.5, 0.5, 0.5, 0.5, 0.5, 0.5, 0.5, 0.5, 0.5, 0.5, 0.5, 0.5, 0.5, 0.5, 0.5, 0.5, 0.5, 0.5, 0.5, 0.5, 0.5, 0.5, 0.5, 0.5, 0.5, 0.5, 0.5, 0.5, 0.5, 0.5, 0.5, 0.5, 0.5, 0.5, 0.5, 0.5, 0.5, 0.5, 0.5, 0.5, 0.5, 0.5, 0.5, 0.5, 0.5, 0.5]
> Task settings
dataset: Boston, task_type: Reg
in_dim=8, out_dim=1, lr=0.000100
optimizer=SGD, loss_func=mse
Clients futile percent (avg.=0.290):
EUR: 0.141800
SR: 0.288400
VV: 0.000000
Avg. round length: 937.3850101698341
Avg. T_dist: 5.84456
Round trace: [0.512876102016175, 0.5038472759448357, 0.49417961826331386, 0.47978543984410116, 0.47039943508555965, 0.46188111210516253, 0.45447258125131496, 0.441570916352974, 0.43384253732000955, 0.42044929430720174, 0.41516073090950795, 0.4071855975729497, 0.3941966535642957, 0.3864204648484172, 0.3750600997555293, 0.3654441425337056, 0.3609880871700185, 0.34925503094504023, 0.34059726404606266, 0.32954093940506296, 0.3251966405279665, 0.315335207131859, 0.3119332106128446, 0.30732477668816, 0.3051385887256019, 0.29667316354285495, 0.2929796640964923, 0.28668173616188375, 0.28201496858965047, 0.27533271214163685, 0.27072838620872003, 0.267711052946734, 0.26619167356865675, 0.2632577636698182, 0.26047644061381964, 0.2560344857842309, 0.2516813910609813, 0.24990898242005347, 0.245534993881967, 0.24086687726548325, 0.23623499037313317, 0.23363603412586403, 0.22916681895321153, 0.22730951264752697, 0.22401863738286212, 0.22227006608867553, 0.21979907618111202, 0.2168803593170593, 0.215864656470657, 0.21253302220019896, 0.21145000487165305, 0.20921274229976797, 0.2068964431755117, 0.20368001943087752, 0.20147400791922254, 0.20034282736029613, 0.1995061205878122, 0.19755859525593894, 0.19555711896984188, 0.1933422226372153, 0.1904354593545097, 0.18917590877774002, 0.18815551482192755, 0.18719950939308444, 0.18517084506722958, 0.1835279888190685, 0.1827537121398023, 0.18043758250061223, 0.17827704212434578, 0.17704018154040155, 0.17537374625199662, 0.17492758560590613, 0.17263017756156307, 0.17098034910953333, 0.1698862438173471, 0.16910411841257109, 0.16765521807427328, 0.16636123944531753, 0.16468585544859612, 0.1632673746298725, 0.16239789494959148, 0.16201272700779085, 0.16062673143543138, 0.16056940017222335, 0.15930666811511554, 0.1583805630669853, 0.15837138427480257, 0.15744792532223306, 0.15693373457468937, 0.15667009675366625, 0.15667009675366625, 0.15667009675366625, 0.15610804358075067, 0.15583599923103048, 0.15490622650980088, 0.15382592446617155, 0.15365074666853792, 0.15258762056055508, 0.15136851554452072, 0.15062493288106504]
accuracy trace: [0.016799142041024496, 0.033534603737098184, 0.051631823872136946, 0.07889532017659966, 0.09691202661574749, 0.11357701393265274, 0.12818053401266571, 0.15383272459575145, 0.1694433869371251, 0.1968410809229689, 0.20770964072453174, 0.22416957350365388, 0.25124336928985286, 0.2673931471276813, 0.29077162104857013, 0.3103673586657594, 0.31935011331388313, 0.3424482247182025, 0.35917283036910663, 0.3799120329024924, 0.3879726087790406, 0.4061876358503684, 0.4124056008469896, 0.4208373669613569, 0.4248163897190621, 0.44013193164093234, 0.4467186383320781, 0.4578558703050437, 0.46602475622116657, 0.4774958459557138, 0.4853138321533726, 0.4903137790848988, 0.49283173798920665, 0.4977032637615934, 0.5023204472359221, 0.5095225718884994, 0.5164364770456046, 0.5192383360332986, 0.5260389903849728, 0.5331857587347693, 0.5402131672011797, 0.5441000457782683, 0.5507611911082471, 0.5535310215955623, 0.5583403110669181, 0.5609280262190124, 0.5645074998415688, 0.5687424851559665, 0.5702237239954686, 0.5749978917877988, 0.5765012708916304, 0.5796815887193594, 0.5829134873141795, 0.5873827751164553, 0.5904437960526799, 0.592013186300107, 0.5931812595304522, 0.5958568796349404, 0.5986114483832851, 0.6016329671384851, 0.6055817509214053, 0.6072770285467759, 0.6086246327948899, 0.6098860332592388, 0.6125410229242029, 0.6146561975601909, 0.615638579250892, 0.6185914198981113, 0.6213361405332815, 0.6228438279385665, 0.6248702996906099, 0.62541469244047, 0.628153917533168, 0.6300664459692777, 0.6313116221871188, 0.6321879984054003, 0.6337916055146143, 0.635185634036984, 0.6369389414647018, 0.6383810992008874, 0.6392421726826657, 0.639613583231167, 0.6409381755233232, 0.6409923883179872, 0.6421610576690435, 0.6429893929644622, 0.6429995110581687, 0.6437958324459702, 0.6442356065184862, 0.6444613500607503, 0.6439925380385837, 0.6441618773510953, 0.6449380544772187, 0.6451659095801391, 0.6459399333187987, 0.6468145044285458, 0.6469572448166067, 0.6477899071319859, 0.6487209541934448, 0.6492794733885177]
> Pick&crash traces
Extra args(SAFA only): None
Best loss = 0.150625 at round #99
Best accuracy: 0.6492794733885177
time trace: [1257.9822161323395, 2338.947644233952, 3420.4282006109815, 4501.227571233094, 5140.718835902603, 5556.180900295521, 6815.0982364661195, 7625.985528270057, 8884.650945917909, 10143.673162050249, 11402.81537818259, 12484.534748804701, 13567.16730518173, 13983.29513693405, 15242.89335306639, 16502.36677071424, 17761.725677785664, 18573.940772128193, 19216.52746800401, 20476.22237507543, 21288.59766687937, 22101.44604732621, 22744.880149382534, 22994.874301293563, 23395.942446039375, 24087.433650704683, 25347.952557776105, 26608.591464847526, 27869.576882495378, 28451.60065398713, 29033.625928026577, 29847.650308473418, 31108.86521554484, 32370.66343167718, 33455.0388022993, 33720.71344647001, 34983.102782640606, 35676.465296366834, 36939.33610843814, 38025.11266481517, 38717.90158068866, 39803.91813706569, 40890.46299002936, 41977.54140792272, 42670.35679877297, 43363.28418962322, 44056.78510549672, 44461.431325898964, 45725.71400472148, 46989.872816792784, 48077.75923468615, 48772.066183684416, 49859.370740061444, 51124.49971217, 52389.98944049746, 53655.85042510633, 54743.21585320794, 55158.85829702822, 56246.84285340525, 57513.13583801412, 57770.27555232887, 58857.40184118998, 59945.041211812095, 60531.36943025806, 61620.03398663509, 62268.07668251091, 63534.926410838365, 64623.9269672154, 65713.45582017906, 66410.51433390529, 67227.33445148464, 67649.93147049414, 68739.90032345781, 70007.27729556637, 70595.47130134523, 71413.01599546913, 72503.85441336251, 73771.92814168998, 75040.37312629884, 76308.67885462631, 77398.74828272792, 77822.83879881345, 78640.69372900357, 79458.66865919369, 80727.56638752116, 81377.88908339698, 82076.41228806227, 82775.5188017885, 84045.377580621, 84744.47929586274, 85443.92980958895, 86143.48432331518, 86403.78593474219, 87494.9533053643, 88586.6307334659, 89677.637022327, 90948.93115881772, 91375.24294851281, 92647.03072812232, 93738.50101698341]


> Exp stats. at 07/09/24-20:28
> Env settings
Mode: FedCS_Nishio
n_clients=50, selected_clients=15, picked_clients=15
rounds=100, n_local_epochs=5, batch_size=32, lag_tol=2
data_dist=('N', 0.3), perf_dist=('X', None), crash_dist=('E', 0.7)
> Env details
client_shard_sizes [ 580  438  830  467  632  515  787  464  648  483  471 1068  640  577
  548  673  311  587  783  325  591  683  767  367  601  297  294  577
  546  450  707  575  385  448  768  501  681 1008  553  181  675  680
  444  537  570  881  625  657  464  554]
clients_perf_vec [2.150311e+00 1.449253e+00 6.087597e-01 1.018204e+00 1.840874e-01
 1.232575e-01 8.050291e-01 2.202283e+00 1.427872e+00 1.486769e+00
 3.059691e+00 2.521963e-01 1.452026e+00 1.155421e-01 1.511384e-03
 4.697198e-01 5.852113e-01 9.600339e-01 6.559810e-01 3.957445e-01
 2.157178e-01 5.091674e-02 5.603786e+00 1.915348e+00 3.847008e+00
 6.513958e-01 3.788830e-01 4.116184e+00 2.983745e+00 8.600064e-02
 9.975734e-01 5.459264e+00 5.889370e-01 3.381748e+00 1.844157e+00
 3.966653e+00 9.644299e-01 2.390578e-01 1.667105e+00 4.481676e-01
 1.911760e-01 5.922719e-02 1.039175e+00 4.598547e+00 1.451555e+00
 1.594893e+00 5.197040e+00 2.572004e+00 4.819839e+00 3.302912e+00]
clients_crash_prob_vec [0.7, 0.7, 0.7, 0.7, 0.7, 0.7, 0.7, 0.7, 0.7, 0.7, 0.7, 0.7, 0.7, 0.7, 0.7, 0.7, 0.7, 0.7, 0.7, 0.7, 0.7, 0.7, 0.7, 0.7, 0.7, 0.7, 0.7, 0.7, 0.7, 0.7, 0.7, 0.7, 0.7, 0.7, 0.7, 0.7, 0.7, 0.7, 0.7, 0.7, 0.7, 0.7, 0.7, 0.7, 0.7, 0.7, 0.7, 0.7, 0.7, 0.7]
> Task settings
dataset: Boston, task_type: Reg
in_dim=8, out_dim=1, lr=0.000100
optimizer=SGD, loss_func=mse
Clients futile percent (avg.=0.375):
EUR: 0.087400
SR: 0.286800
VV: 0.000000
Avg. round length: 1102.572028239588
Avg. T_dist: 5.78584
Round trace: [0.5070613589551713, 0.4986772140962112, 0.4933834055078261, 0.483101881049015, 0.47344497436939104, 0.4639947188317833, 0.4584025104971751, 0.4519618933305062, 0.43696415331380106, 0.42681401099008565, 0.41463864042025983, 0.40634578993864046, 0.3997914936439824, 0.3899179588094412, 0.3831156554677161, 0.37549744451777084, 0.3675956784072813, 0.35112928043341307, 0.3432435315053907, 0.34047229542262797, 0.3324324949932724, 0.33035580777623386, 0.3252796654412219, 0.3208216156512377, 0.3182723731713271, 0.312951095840086, 0.310518649120252, 0.30811183505882467, 0.3050936887413876, 0.2980428696567919, 0.2974361157507289, 0.2951991684967146, 0.29141166915817407, 0.29025851539819647, 0.2854390230454137, 0.28235466868733033, 0.2811514731925712, 0.2776845586406562, 0.2776845586406562, 0.274718813029992, 0.27170754344862835, 0.26689196726475745, 0.26586782694168726, 0.2616884242187169, 0.2556520577813793, 0.2523593042912159, 0.24950624900956017, 0.2476117852960392, 0.24565820598868632, 0.24565820598868632, 0.243982621936897, 0.2383602112274841, 0.23565133291240103, 0.23130928916529206, 0.22693474039945113, 0.2253568853236294, 0.22162300077631275, 0.22097972890052903, 0.2174586951602533, 0.2148064516720275, 0.21138279365305845, 0.2078138456828934, 0.20766440570836966, 0.20527853035561747, 0.20288503227860108, 0.2002989419240225, 0.1976709992689344, 0.19441503185919634, 0.19311373284499, 0.19212052101920324, 0.19138302626879403, 0.1909190578855007, 0.19000475731614683, 0.1885661965847323, 0.18571342317213288, 0.1830019236014956, 0.18038528198449244, 0.17895193172493004, 0.17848441539601798, 0.1770882058161228, 0.17702978491087956, 0.17604829231839253, 0.1747668673884778, 0.17431409701762732, 0.1736299407175489, 0.17236634852438806, 0.1715841511610493, 0.17153710460692406, 0.17153710460692406, 0.17049249517344067, 0.16866340835472926, 0.1669904723122373, 0.16666778458086287, 0.16666778458086287, 0.16634876772784282, 0.1658111647571511, 0.16477596154693966, 0.16316888368619012, 0.1626948050515493, 0.162664025676476]
accuracy trace: [0.027598594632323344, 0.04325495941990295, 0.053236933033251964, 0.0727183081587681, 0.09126074169963885, 0.10961173870757088, 0.12060252161449138, 0.1333410946350985, 0.16338381117798098, 0.18412796068234435, 0.20916342201419064, 0.2263745070205161, 0.2400386301779851, 0.2605201404812741, 0.27460057006671434, 0.2903031377905569, 0.3063888485360543, 0.33902572409672793, 0.3543137770058202, 0.35962832062320493, 0.3747593099422221, 0.37865622309967745, 0.388071598957639, 0.3963149558295591, 0.40102940235879253, 0.4107381778290802, 0.41518605757545185, 0.4195541858078988, 0.4249922324317776, 0.4377350532043976, 0.4388244999208409, 0.4427722693314773, 0.44949040995788153, 0.45150383190274646, 0.459957836870257, 0.465320414953713, 0.46740114577478165, 0.4733468408220539, 0.4731746015189271, 0.4783580610395146, 0.4834217376145242, 0.4914561270215218, 0.49315169535516956, 0.500040412122439, 0.5098192115890169, 0.5150674023190576, 0.5195250115262898, 0.5224975985029111, 0.5255467107388901, 0.5255467107388901, 0.5281488172255594, 0.5367849342111916, 0.5408379786268868, 0.547371015863418, 0.5538828280002277, 0.5562264698636138, 0.5616609379602747, 0.5626146077136065, 0.5677088663356399, 0.5714975911836405, 0.576424187299264, 0.5814151366029122, 0.5816221301131672, 0.5849583887217192, 0.5883004183487686, 0.5918971465526258, 0.5954979717248764, 0.5999838612587417, 0.6017423539357407, 0.6030756302537361, 0.6040412372946038, 0.6046776432656678, 0.6059092986853534, 0.6077755860839409, 0.6115142079243621, 0.6150489151498443, 0.6183972168919322, 0.620225352965202, 0.6208163250224552, 0.6225283592516488, 0.6226109929989802, 0.6237906691746999, 0.6253381089915979, 0.6258792875629482, 0.6267031965399643, 0.628205863672152, 0.6291291459114847, 0.6291933992069602, 0.6290823916188489, 0.6304089588847318, 0.6325077962824207, 0.6343686141513611, 0.6347183856599725, 0.6336933707311309, 0.6350664175810133, 0.6356436763039475, 0.6367137528805863, 0.63836975635901, 0.6388431835638294, 0.638881543891161]
> Pick&crash traces
Extra args(SAFA only): None
Best loss = 0.162664 at round #99
Best accuracy: 0.638881543891161
time trace: [843.7003152205172, 1687.5046304410341, 3531.0412882217333, 4394.524958653954, 6238.285616434654, 7102.001286866875, 7966.253971477577, 8830.417196911872, 9438.381865995603, 10046.466535079335, 10910.973760513629, 11628.681517082758, 12474.561257165331, 13339.404482599626, 14203.94647635558, 14777.419722330185, 15642.18571608614, 16507.071709842097, 18352.938527660048, 19218.262198092267, 21064.106722624176, 21929.662393056395, 23775.503050837095, 24494.56279742804, 25360.05296745076, 26206.601282671276, 27053.253597891795, 27776.85590476529, 28642.58407907032, 29489.975522566252, 31336.462704446243, 33183.06988632624, 33902.56288820625, 35749.39407008625, 37596.09813192798, 39442.4508847088, 41288.92363748962, 42155.69181179465, 43005.38005270973, 43872.59022273245, 45719.77748608969, 46440.6282600026, 47308.38625375856, 47885.199921173466, 48606.991923944486, 49475.3075943767, 50195.72385188073, 50465.56152296481, 51334.22919339703, 52203.016863829245, 52923.591267840085, 53792.397261596045, 55640.726014376865, 56362.58067841817, 57214.971328082385, 57942.73921807324, 59791.750481430485, 61640.647234211305, 63489.423731325085, 64217.639621315946, 66066.88037409676, 66338.99880432391, 67063.75967393759, 67786.42133130196, 68656.69132505791, 70506.50007783872, 71236.47526158908, 72107.09725534503, 72977.83124910097, 74828.33051245823, 76679.41769433822, 77402.66595184225, 78133.30513559261, 78857.42379963394, 80709.45232416585, 81580.9863179218, 82436.75816056848, 83292.2005021114, 84163.87467213412, 85035.86466589007, 86888.34532367077, 88740.93798145148, 90593.40916333148, 91211.22238877193, 93063.93357065192, 93919.87622031615, 94792.69021407209, 96645.7453959521, 97500.76670096436, 99354.29535874506, 101208.42617656302, 103062.42270109493, 103935.91669485088, 104663.3326976219, 105537.47992305619, 106393.72816397127, 107267.68615772722, 109122.62497554519, 109399.65217429459, 110257.20282395881]


> Exp stats. at 07/09/24-20:52
> Env settings
Mode: FedCS_Nishio
n_clients=50, selected_clients=15, picked_clients=15
rounds=100, n_local_epochs=5, batch_size=32, lag_tol=2
data_dist=('N', 0.3), perf_dist=('X', None), crash_dist=('E', 0.7)
> Env details
client_shard_sizes [612 443 690 680 818 506 435 557 407 651 810 373 511 574 540 390 541 627
 578 455 617 576 631 503 634 644 574 728 707 744 508 484 431 487 772 848
 602 408 558 730 505 344 634 707 430 501 601 300 673 815]
clients_perf_vec [2.150311e+00 1.449253e+00 6.087597e-01 1.018204e+00 1.840874e-01
 1.232575e-01 8.050291e-01 2.202283e+00 1.427872e+00 1.486769e+00
 3.059691e+00 2.521963e-01 1.452026e+00 1.155421e-01 1.511384e-03
 4.697198e-01 5.852113e-01 9.600339e-01 6.559810e-01 3.957445e-01
 2.157178e-01 5.091674e-02 5.603786e+00 1.915348e+00 3.847008e+00
 6.513958e-01 3.788830e-01 4.116184e+00 2.983745e+00 8.600064e-02
 9.975734e-01 5.459264e+00 5.889370e-01 3.381748e+00 1.844157e+00
 3.966653e+00 9.644299e-01 2.390578e-01 1.667105e+00 4.481676e-01
 1.911760e-01 5.922719e-02 1.039175e+00 4.598547e+00 1.451555e+00
 1.594893e+00 5.197040e+00 2.572004e+00 4.819839e+00 3.302912e+00]
clients_crash_prob_vec [0.7, 0.7, 0.7, 0.7, 0.7, 0.7, 0.7, 0.7, 0.7, 0.7, 0.7, 0.7, 0.7, 0.7, 0.7, 0.7, 0.7, 0.7, 0.7, 0.7, 0.7, 0.7, 0.7, 0.7, 0.7, 0.7, 0.7, 0.7, 0.7, 0.7, 0.7, 0.7, 0.7, 0.7, 0.7, 0.7, 0.7, 0.7, 0.7, 0.7, 0.7, 0.7, 0.7, 0.7, 0.7, 0.7, 0.7, 0.7, 0.7, 0.7]
> Task settings
dataset: Boston, task_type: Reg
in_dim=8, out_dim=1, lr=0.000100
optimizer=SGD, loss_func=mse
Clients futile percent (avg.=0.366):
EUR: 0.091200
SR: 0.292600
VV: 0.000000
Avg. round length: 1245.825825032361
Avg. T_dist: 5.918159999999999
Round trace: [0.510127276960984, 0.5013459821954219, 0.48233765937617756, 0.4807722774269275, 0.4728280430213242, 0.45783493751076404, 0.4470003178338363, 0.44221721792374596, 0.43346080240957163, 0.42404912807061196, 0.4125948780019543, 0.40687359270452605, 0.39939045843377086, 0.39939045843377086, 0.3940605539357763, 0.38522059151265664, 0.382824393649115, 0.3761816018660196, 0.3622015475311878, 0.3569740152260371, 0.34846158364732943, 0.3383298875540356, 0.3356538879736919, 0.3297277181190832, 0.3262338373983848, 0.31755020476909873, 0.3111912635330547, 0.30490267416185923, 0.30111690525519436, 0.297015241524781, 0.2933582119203351, 0.29010806996868466, 0.2882632480069363, 0.28359239942897296, 0.2783901995388721, 0.27505534182929875, 0.26989196678468175, 0.2649856899295757, 0.2610317707912778, 0.2595194305116243, 0.2545579182973437, 0.25236242544575516, 0.2462917900067731, 0.23896134060231689, 0.23841610090833099, 0.23772812630268536, 0.2349074213693817, 0.23199687882943437, 0.22951817441533076, 0.2243260421453608, 0.220404723656488, 0.21902352856144694, 0.21340195730848063, 0.20884903399361737, 0.2083232156340576, 0.20679662530749637, 0.20515764771174191, 0.20134515371678233, 0.19791442381362614, 0.1938170900115489, 0.19235260421779452, 0.19168766415353833, 0.19022717210610823, 0.18828685503340659, 0.1868508847556916, 0.18479063061299628, 0.18388633599077067, 0.18190596516853486, 0.18093037553129998, 0.18002054319365862, 0.17694639140322352, 0.17471924873177933, 0.17144482146519874, 0.17144482146519874, 0.1702949188268832, 0.1702949188268832, 0.17025019427743027, 0.16862860844316466, 0.16862860844316466, 0.16839593507340503, 0.16570168591069814, 0.16309926489590554, 0.16120209603549585, 0.16111922516093075, 0.15984821150203976, 0.15703590664706057, 0.15612282384329587, 0.1547162748181087, 0.15385935857383315, 0.15263206423285555, 0.15177440451309632, 0.1504725512616716, 0.1499027096923799, 0.14860627248394648, 0.14817281021371145, 0.1478279332526212, 0.1463554448678529, 0.1463554448678529, 0.1450707592440973, 0.14470739580153932]
accuracy trace: [0.021798193170065993, 0.03814372756765517, 0.07382652162061543, 0.07683933599354809, 0.09214090828153924, 0.12135174262149859, 0.14287286099904367, 0.15249904468495715, 0.17026087165811263, 0.18960463271270106, 0.2131573449181563, 0.22504843499261615, 0.24063981673523918, 0.24063981673523918, 0.25179644675042595, 0.2701710489470051, 0.27515571473205414, 0.2888592817118781, 0.31721946941392765, 0.3277105556117248, 0.34444098946395824, 0.36380804892088653, 0.36890677980149816, 0.3799346146422158, 0.38637714745916363, 0.4024174645540004, 0.41401182966528693, 0.4254666233694808, 0.4323668858497838, 0.43976420171122044, 0.44622751535936617, 0.4520112758583203, 0.45527606580780067, 0.4634635606554377, 0.472476806856484, 0.47817744024321224, 0.48689257009818065, 0.49508480325721826, 0.5015844912597314, 0.504011675974337, 0.5119719128835785, 0.5154032292370648, 0.5249571060568287, 0.5361777893678534, 0.537009322776129, 0.5380441230449279, 0.5422633273045216, 0.5465797373082899, 0.5502824483177212, 0.5579653921701293, 0.5636761644732013, 0.5656504544278054, 0.5737295544022893, 0.5801596739815784, 0.5808802752533759, 0.5830259052512472, 0.5853123753683257, 0.5905847482683915, 0.5953077105796898, 0.6008970807553691, 0.6028902949969678, 0.6037993988727066, 0.6057214189245765, 0.6082573634551505, 0.610142074436137, 0.612809296684743, 0.6139517667681864, 0.6164829011086222, 0.617729001720364, 0.6188905787169252, 0.6227686440993355, 0.6254677419358161, 0.629326976599013, 0.6285204058156555, 0.630669377745745, 0.630566705137155, 0.6307259456066885, 0.6325621020260044, 0.6325378525774479, 0.6328215549633628, 0.6357465997867422, 0.6384408826472199, 0.6403134237187639, 0.6403816074139108, 0.6415847537508801, 0.644078722819165, 0.6448611794825433, 0.6460373464353176, 0.6467315879149974, 0.6477055225833078, 0.6483671421030034, 0.6493448790088281, 0.6497690651444339, 0.6506876279187712, 0.6509866880373765, 0.6512272239655551, 0.6521954683644586, 0.652107471552342, 0.652996949966518, 0.653220214727899]
> Pick&crash traces
Extra args(SAFA only): None
Best loss = 0.144707 at round #99
Best accuracy: 0.653220214727899
time trace: [1821.7656162789724, 3643.360619364106, 5035.932575953375, 6428.461283228291, 7157.1324250909, 8099.142581622741, 8828.283545143744, 9557.544508664745, 10287.041559576335, 11680.28226685125, 13502.941269936384, 14896.260039136421, 15838.988445554513, 16568.961409075513, 18392.092412160648, 20215.055910214443, 22038.426913299576, 23432.774869888846, 25256.66848616782, 26200.003674969386, 27594.868208103206, 29419.39959641508, 30814.4961295489, 31668.17920841383, 32612.090397215397, 33464.91602217339, 35290.03941048527, 37114.98102676424, 37634.26365396317, 39029.840361238086, 39882.7052751613, 40735.69018908452, 41680.76259550261, 42533.97950942582, 43054.43706382781, 43787.44718052733, 44099.809043535686, 45496.3217508106, 46350.6513757686, 48176.406873822394, 49032.07395268732, 49978.308109219164, 50834.207188084096, 52660.14223967072, 53129.969111767525, 54527.24788096756, 56353.24549610253, 58179.07663727482, 60005.30625240979, 60475.177704286056, 62302.20520233985, 63031.68611271441, 64858.37972784938, 65383.021409235495, 66330.75156576734, 68157.51870693962, 69105.48886347146, 70053.35228319938, 71451.51610152873, 73279.0417166637, 74227.25713639162, 76055.29618797824, 76581.52374397895, 76806.40117244348, 77754.98436124505, 79582.94350241734, 80531.65520849873, 80852.01880759215, 82251.04862049641, 83650.04524712617, 85479.1482987128, 85951.86809105959, 87351.21671768934, 88087.96785955195, 89037.60756563334, 90437.3081922631, 91171.80750296828, 92571.43731952051, 93305.46035011366, 95135.32996524863, 96535.16213048842, 98365.55318207503, 100195.50432324733, 102025.29190641466, 102553.58158780079, 104383.59317096812, 105334.6328770495, 106285.68184115969, 108115.78073671795, 109066.95969224746, 110897.02872597497, 112298.4573584413, 114128.7583921688, 114992.3424832247, 116822.61643720219, 118224.81425010646, 119089.32954022283, 120920.20657395033, 122751.4734695086, 124582.5825032361]


> Exp stats. at 07/09/24-22:31
> Env settings
Mode: FedCS_Nishio
n_clients=50, selected_clients=15, picked_clients=12
rounds=100, n_local_epochs=5, batch_size=32, lag_tol=2
data_dist=('N', 0.3), perf_dist=('X', None), crash_dist=('E', 0.7)
> Env details
client_shard_sizes [674 857 604 474 697 811 491 857 598 715 730 347 457 793 368 823 357 210
 861 517 573 946 887 480 544 578 756 547 511 342 580 330 258 831 555 301
 450 133 756 630 544 602 582 451 761 451 680 574 642 378]
clients_perf_vec [2.150311e+00 1.449253e+00 6.087597e-01 1.018204e+00 1.840874e-01
 1.232575e-01 8.050291e-01 2.202283e+00 1.427872e+00 1.486769e+00
 3.059691e+00 2.521963e-01 1.452026e+00 1.155421e-01 1.511384e-03
 4.697198e-01 5.852113e-01 9.600339e-01 6.559810e-01 3.957445e-01
 2.157178e-01 5.091674e-02 5.603786e+00 1.915348e+00 3.847008e+00
 6.513958e-01 3.788830e-01 4.116184e+00 2.983745e+00 8.600064e-02
 9.975734e-01 5.459264e+00 5.889370e-01 3.381748e+00 1.844157e+00
 3.966653e+00 9.644299e-01 2.390578e-01 1.667105e+00 4.481676e-01
 1.911760e-01 5.922719e-02 1.039175e+00 4.598547e+00 1.451555e+00
 1.594893e+00 5.197040e+00 2.572004e+00 4.819839e+00 3.302912e+00]
clients_crash_prob_vec [0.7, 0.7, 0.7, 0.7, 0.7, 0.7, 0.7, 0.7, 0.7, 0.7, 0.7, 0.7, 0.7, 0.7, 0.7, 0.7, 0.7, 0.7, 0.7, 0.7, 0.7, 0.7, 0.7, 0.7, 0.7, 0.7, 0.7, 0.7, 0.7, 0.7, 0.7, 0.7, 0.7, 0.7, 0.7, 0.7, 0.7, 0.7, 0.7, 0.7, 0.7, 0.7, 0.7, 0.7, 0.7, 0.7, 0.7, 0.7, 0.7, 0.7]
> Task settings
dataset: Boston, task_type: Reg
in_dim=8, out_dim=1, lr=0.000100
optimizer=SGD, loss_func=mse
Clients futile percent (avg.=0.368):
EUR: 0.078400
SR: 0.179286
VV: 0.000000
Avg. round length: 1012.3828631396556
Avg. T_dist: 5.064559999999999
Round trace: [0.5029593053675745, 0.4840133035066958, 0.47765654703970384, 0.46402988105275944, 0.4496311790848906, 0.44442956463628724, 0.42236865948324953, 0.41349752295403724, 0.4044456046768909, 0.39580459656068706, 0.38402294223281025, 0.37656112276595227, 0.3620949665403946, 0.360414889717513, 0.35178806586040645, 0.3410153861153986, 0.3308152468659667, 0.32434565648322233, 0.31676075629467615, 0.3092951668743453, 0.30855523135022134, 0.2964329980328818, 0.2936371517543938, 0.2838445566314842, 0.2755938460543518, 0.26909843846505505, 0.2644625909482694, 0.26406735629413347, 0.26168334646322233, 0.2589164957867692, 0.25108537183339324, 0.24841551876756104, 0.2415360645682085, 0.2408546764802612, 0.24050216151978812, 0.23853058618433512, 0.2331511719614909, 0.2289818387211015, 0.22290766916394342, 0.22031514283484874, 0.2160244285900337, 0.2160244285900337, 0.21348183962598605, 0.20959210971469078, 0.20563979058157242, 0.20395937378249276, 0.20086236160188878, 0.1988544110809157, 0.19829510277531995, 0.19447449921246104, 0.1930348003539263, 0.1927576098283111, 0.188521339636265, 0.188521339636265, 0.18714809260996815, 0.18659578747353572, 0.18416041187995705, 0.18224693233197464, 0.1803080142072334, 0.1794370798032255, 0.1794370798032255, 0.1765926927525766, 0.17430183688358938, 0.17227313556222792, 0.17010669668321232, 0.17010669668321232, 0.16737136043632175, 0.16522867793200904, 0.16522867793200904, 0.16522867793200904, 0.1639394915845789, 0.16232437084680745, 0.1616880030369782, 0.161001814823835, 0.15975244447389028, 0.15972404749869235, 0.15972404749869235, 0.15972404749869235, 0.15964111872543807, 0.1590594097289292, 0.15861960331853253, 0.15822160285852052, 0.15702096774509489, 0.1554078900878363, 0.15456673330205487, 0.15296256884345025, 0.15169801935106086, 0.15169801935106086, 0.1496600318394071, 0.1496600318394071, 0.14884941596416748, 0.14778678385072774, 0.14712721336294848, 0.14680715677709238, 0.14599381725086338, 0.14539591030013752, 0.14497807371550123, 0.14084146966869238, 0.14051028365097537, 0.14004236596016192]
accuracy trace: [0.03513407280199699, 0.07076737073628458, 0.08291374589115094, 0.10926997609193609, 0.1376301800205426, 0.14802135944349953, 0.1927544690130689, 0.2109902795725746, 0.2297518689871544, 0.2477858478638295, 0.27230832754901396, 0.28771734505019203, 0.31718292912207746, 0.3205718045095395, 0.3376392263883273, 0.35843431492895456, 0.37761365017808746, 0.38961812655983674, 0.40360275637676885, 0.4172407989024357, 0.4186051006200628, 0.44056673976816735, 0.4455391836016205, 0.46274474690412165, 0.4769861662586709, 0.48796804232061664, 0.49576085748957655, 0.49642089484364565, 0.5003718363419366, 0.5049280240897647, 0.5174639114229838, 0.5216372141113923, 0.5321949171988603, 0.5332335378873337, 0.5337769739263287, 0.5367827603930362, 0.5448916700543636, 0.5509454063984022, 0.5599443960612296, 0.5637279779777202, 0.5699300339471645, 0.5693115597118793, 0.5735134721718222, 0.5790572849748835, 0.5846104279574106, 0.5869567404694728, 0.591234929290801, 0.5940184429491103, 0.5947929821666602, 0.6000345485585201, 0.6019699972806493, 0.6023455771548678, 0.6080329786281383, 0.6079597281379882, 0.6098286791178498, 0.6105547439658436, 0.613658918755652, 0.616102008503713, 0.6185834379214981, 0.6196592055349323, 0.6190940599181771, 0.6232041011898297, 0.6260145617668428, 0.6284014151534828, 0.6308950860623943, 0.6308189498897142, 0.6339275774645824, 0.6362372318823841, 0.636117089307951, 0.6354932451508916, 0.6375792716096873, 0.6392140614332077, 0.6398377268959793, 0.6405076268940985, 0.6416815040911441, 0.6417032919920562, 0.6416052712893795, 0.6413065998366261, 0.6417819354462692, 0.6423132392727579, 0.6427016257950944, 0.6430557660060728, 0.6440923444876714, 0.6454521694290289, 0.6461429393166875, 0.6474256545208297, 0.6483878167622674, 0.6483393553351748, 0.6498950023943886, 0.6495491934992693, 0.650471922909338, 0.6511958949523144, 0.6516289327799296, 0.6518425495928032, 0.6523513248810564, 0.6527254995676262, 0.6529770676979286, 0.6550853851510388, 0.6552294143724748, 0.6554228086128956]
> Pick&crash traces
Extra args(SAFA only): None
Best loss = 0.140042 at round #99
Best accuracy: 0.6554228086128956
time trace: [1075.8045031085717, 2181.847815786258, 2427.7297106805795, 3533.9810233582657, 3852.902815597323, 4338.943621183884, 5009.789763971794, 6660.111609532428, 7736.708112640999, 9387.221958201633, 10494.265501805674, 12145.733455357009, 13797.69360766611, 14874.568428084543, 15159.551881106187, 15832.264779870315, 16940.029310164526, 18047.672622842212, 19155.30845279972, 20807.988605108818, 21885.80910821739, 22515.99752768731, 23623.828607092943, 24701.50387390322, 25809.64496188952, 26887.08738934166, 27995.658702019347, 29649.945993568952, 30758.59782352646, 31431.75596631437, 32105.24922914054, 32778.36257344396, 33887.27966143026, 35541.73689550036, 37196.29812957047, 38850.1820831218, 39172.097462662445, 40826.17341621379, 41184.21400545844, 42293.93783541595, 42749.3124877165, 43827.89823950232, 44097.93758077515, 45207.856660180776, 46863.42589425088, 48518.698046559985, 49628.91312596561, 50708.09887775143, 50979.16689762248, 51655.04150310057, 52734.31790789885, 53225.13399351217, 53681.85639811839, 55338.32963218849, 56014.71623766657, 56506.450492656135, 58162.44644620747, 59817.7762917681, 60070.0866707525, 60322.66451162092, 61434.16230857513, 61725.286680841906, 62402.46528631999, 62654.15030695579, 62978.48210548811, 64634.99065285894, 65715.6556679815, 66796.20722392765, 68452.25098599284, 69533.42339079113, 70614.27094673728, 72270.24915965243, 73383.17424763874, 74063.23395390382, 74316.98228221312, 75398.54329733567, 77054.29968916572, 78710.15208099579, 79036.27546053643, 79672.79261264642, 80132.58141751903, 81789.21053368355, 83445.5829255136, 85102.05131734366, 86216.0663967493, 87872.37035858221, 88954.83391452835, 90037.19391547241, 90674.89741976828, 91357.09654625392, 92471.72762565955, 92966.72836808999, 94623.75232992289, 96281.23672175295, 97396.50455171046, 98512.1000953145, 99196.11580320759, 99658.58855641258, 100742.47757153513, 101238.28631396555]


> Exp stats. at 07/09/24-22:34
> Env settings
Mode: FedCS_Nishio
n_clients=50, selected_clients=15, picked_clients=12
rounds=100, n_local_epochs=5, batch_size=32, lag_tol=2
data_dist=('N', 0.3), perf_dist=('X', None), crash_dist=('E', 0.7)
> Env details
client_shard_sizes [564 750 304 201 752 390 418 697 811 313 533 721 663 657 771 466 460 728
 580 474 701 454 613 357 487 481 631 737 551 541 687 977 812 617 467 415
 330 664 564 517 553 708 184 721 884 611 644 678 504 551]
clients_perf_vec [2.150311e+00 1.449253e+00 6.087597e-01 1.018204e+00 1.840874e-01
 1.232575e-01 8.050291e-01 2.202283e+00 1.427872e+00 1.486769e+00
 3.059691e+00 2.521963e-01 1.452026e+00 1.155421e-01 1.511384e-03
 4.697198e-01 5.852113e-01 9.600339e-01 6.559810e-01 3.957445e-01
 2.157178e-01 5.091674e-02 5.603786e+00 1.915348e+00 3.847008e+00
 6.513958e-01 3.788830e-01 4.116184e+00 2.983745e+00 8.600064e-02
 9.975734e-01 5.459264e+00 5.889370e-01 3.381748e+00 1.844157e+00
 3.966653e+00 9.644299e-01 2.390578e-01 1.667105e+00 4.481676e-01
 1.911760e-01 5.922719e-02 1.039175e+00 4.598547e+00 1.451555e+00
 1.594893e+00 5.197040e+00 2.572004e+00 4.819839e+00 3.302912e+00]
clients_crash_prob_vec [0.7, 0.7, 0.7, 0.7, 0.7, 0.7, 0.7, 0.7, 0.7, 0.7, 0.7, 0.7, 0.7, 0.7, 0.7, 0.7, 0.7, 0.7, 0.7, 0.7, 0.7, 0.7, 0.7, 0.7, 0.7, 0.7, 0.7, 0.7, 0.7, 0.7, 0.7, 0.7, 0.7, 0.7, 0.7, 0.7, 0.7, 0.7, 0.7, 0.7, 0.7, 0.7, 0.7, 0.7, 0.7, 0.7, 0.7, 0.7, 0.7, 0.7]
> Task settings
dataset: Boston, task_type: Reg
in_dim=8, out_dim=1, lr=0.000100
optimizer=SGD, loss_func=mse
Clients futile percent (avg.=0.354):
EUR: 0.079000
SR: 0.181429
VV: 0.000000
Avg. round length: 1204.5717699060986
Avg. T_dist: 5.14448
Round trace: [0.5085329157185983, 0.5005063176809662, 0.4774414410718983, 0.4607990335678207, 0.4530343036308706, 0.43997532747898277, 0.4335034591869573, 0.4206209110733222, 0.413924887011854, 0.40662760268857706, 0.39953042243791437, 0.3954427963001948, 0.3833364125198139, 0.37848451540842093, 0.3672831854686737, 0.3647556189529312, 0.352903256397583, 0.34950682344389633, 0.34376100414836874, 0.33795870825061264, 0.3239668790948418, 0.31861898701387775, 0.3175304926199298, 0.3133526735519486, 0.30617229941905905, 0.3011369602736757, 0.2969395998342963, 0.28863739696285745, 0.2853568972214212, 0.2824214940528338, 0.27717767092617834, 0.27064842122002336, 0.26476680870964114, 0.25842665669354636, 0.25473890951977785, 0.25231258478359714, 0.24814999411561914, 0.24633235191470979, 0.23831722948342066, 0.23213537709142762, 0.2287364419345544, 0.2230285368788136, 0.219453688741047, 0.2187145019807013, 0.21851565463047515, 0.2155563912580171, 0.21295349560251597, 0.21080535513367524, 0.20931074684396297, 0.2058857284816889, 0.20422192404249853, 0.20275109001253794, 0.19977927145505145, 0.19893024995934622, 0.196125282693771, 0.19150517976808826, 0.19116815826887182, 0.18960631839822414, 0.18900934113243723, 0.1860712342652283, 0.18422589452469626, 0.18216653422329773, 0.18216653422329773, 0.18105805927967422, 0.18093492976233097, 0.17827148762310777, 0.17815777250048637, 0.1755202129954825, 0.1742523603385494, 0.17365650850314632, 0.17365650850314632, 0.17333845259574057, 0.1715517164220704, 0.17048198073394433, 0.17040271540848853, 0.16930072904632196, 0.16756629493638847, 0.16756629493638847, 0.1673012528735007, 0.16502173235599693, 0.16437963784653292, 0.1624722357649118, 0.16178996471945684, 0.15946630247562818, 0.15946630247562818, 0.15946630247562818, 0.1584725982132604, 0.15796636771594386, 0.1567974597395831, 0.1567974597395831, 0.15630228161624643, 0.15627494709471496, 0.1559405682503585, 0.15417959445216467, 0.15417959445216467, 0.15417959445216467, 0.15358540700620413, 0.1533058817335081, 0.15171246263138788, 0.15019012243512583]
accuracy trace: [0.024714999816290127, 0.03962724484596614, 0.08332378375635037, 0.11571911210261918, 0.1310525179165098, 0.1570325534739956, 0.1702665604876343, 0.196595586946186, 0.2103660245902845, 0.22549686315868803, 0.24035882764170555, 0.24892487005765954, 0.2739361618112559, 0.2839416468020516, 0.30665423675846576, 0.3117498183090348, 0.33526909441290126, 0.3418997933462416, 0.35305071448490943, 0.36413529897104163, 0.3900054609428155, 0.39978653853464563, 0.4017953597163382, 0.40947499684976557, 0.4224442075080605, 0.43159304217515937, 0.4391782007110468, 0.453973746063751, 0.4596895738655352, 0.46479217682015467, 0.47385737378927156, 0.48494528994689295, 0.4947772290811098, 0.5051563071768911, 0.5110562970549654, 0.5148923677326098, 0.5214284848546358, 0.5242183553707956, 0.5364817254079736, 0.5457130009231744, 0.5508349474065402, 0.5592723034315558, 0.5645170389982939, 0.5656030937413522, 0.5658786011755471, 0.5701347224529354, 0.5738883454543691, 0.5769565015950813, 0.5790892348137993, 0.5838131512821261, 0.586140207603348, 0.5881749928521559, 0.5922533960592262, 0.593402113218559, 0.5972913152380881, 0.6035867170816541, 0.6040299533766232, 0.6061335510676845, 0.6069459962400918, 0.6108300241416009, 0.6132532829701005, 0.615917524998845, 0.615453154044621, 0.6173026194710743, 0.6174611758631291, 0.6208259203099475, 0.6209650031545133, 0.6242548670951591, 0.6257681974351732, 0.6264738858162825, 0.626464647244869, 0.6268567731159818, 0.6289732809453602, 0.6302247911767992, 0.6303200174873161, 0.6315736147229742, 0.6335287464855699, 0.6330037272668771, 0.6338234542191313, 0.6362911886497873, 0.6369638319427088, 0.6389347335133262, 0.6396112287383662, 0.641841804551329, 0.641349908063228, 0.6417135971800683, 0.6427406636853528, 0.6431915369002128, 0.6442214506938398, 0.6438159986896203, 0.6446497343919463, 0.644684788264345, 0.6449689430506277, 0.6464336032255831, 0.6457352716221219, 0.6464336032255831, 0.6469089390951481, 0.6471403197012056, 0.6483751231843298, 0.6495132838358655]
> Pick&crash traces
Extra args(SAFA only): None
Best loss = 0.150190 at round #99
Best accuracy: 0.6495132838358655
time trace: [261.32533701771575, 2191.069406223701, 4120.538773619492, 6049.738057519847, 6729.027659209529, 7656.588047963731, 8171.780314357002, 10101.753681752793, 12032.209750958778, 12618.497620398943, 13644.90469867248, 15574.911982572836, 17505.01526647319, 17996.618172832004, 19926.929456732356, 21366.602355452265, 21951.26281497228, 23391.541533143118, 24419.302184996344, 25447.16683684957, 26474.770225256536, 27155.771826946217, 29086.148464945898, 30526.62936366581, 31038.918399935443, 32968.88988360351, 33996.92096187704, 35025.41820152968, 35538.123237799315, 36049.80156398301, 36979.604353206974, 37473.237120966965, 37988.81835121566, 38919.07937775354, 40849.63464953093, 42779.94585308695, 43710.66624184116, 44204.54493062045, 45135.62181952315, 45725.59530911835, 47168.03820355595, 49098.96540711197, 50128.65248538551, 51158.26477513012, 53089.15198143812, 54020.94087034082, 55463.991764778424, 56395.83215353263, 58326.44329588498, 60256.82623439705, 62186.97676568416, 63217.74815409112, 65147.77401005356, 66080.21439880776, 67111.4716384604, 68555.2325371803, 69051.60883179236, 69572.00109818563, 70603.4844865926, 72047.445193128, 73978.61172441512, 75422.3773614183, 76454.26074982526, 76989.77464794849, 78434.04894178548, 80366.05588029756, 80901.63596346459, 81934.21320311724, 83378.89549695424, 85310.65735291668, 85996.66695460636, 87442.05985332627, 89374.13370928871, 90309.21505958137, 91342.6957114346, 92376.08895108725, 93409.76960294048, 94096.3279553158, 95130.02519496845, 95651.11707111781, 96246.4826400781, 97280.85228527157, 97802.66082514872, 99735.83868111116, 100770.32733296439, 101366.20490192466, 103299.36575121016, 105231.99134714213, 105545.12914927787, 105742.21099303999, 106777.29964489321, 107714.03700102244, 109646.85623072226, 111094.86294889309, 113027.57524182188, 113624.44481078215, 114659.9420504348, 116592.6467795241, 118525.15526241153, 120457.17699060985]


> Exp stats. at 07/10/24-21:57
> Env settings
Mode: FedCS_Nishio
n_clients=50, selected_clients=15, picked_clients=15
rounds=100, n_local_epochs=10, batch_size=64, lag_tol=2
data_dist=('N', 0.3), perf_dist=('X', None), crash_dist=('E', 0.1)
> Env details
client_shard_sizes [ 654  407  840  602  803  721  830  596  526  577  338  364  688  531
  507  531  391  481  871  541  450  588  514  638  561  350  337  705
  502  898  128  162  694  545  444  742 1004  391  298  764  918  670
  685  634  120  750  560  611  486  946]
clients_perf_vec [2.150311e+00 1.449253e+00 6.087597e-01 1.018204e+00 1.840874e-01
 1.232575e-01 8.050291e-01 2.202283e+00 1.427872e+00 1.486769e+00
 3.059691e+00 2.521963e-01 1.452026e+00 1.155421e-01 1.511384e-03
 4.697198e-01 5.852113e-01 9.600339e-01 6.559810e-01 3.957445e-01
 2.157178e-01 5.091674e-02 5.603786e+00 1.915348e+00 3.847008e+00
 6.513958e-01 3.788830e-01 4.116184e+00 2.983745e+00 8.600064e-02
 9.975734e-01 5.459264e+00 5.889370e-01 3.381748e+00 1.844157e+00
 3.966653e+00 9.644299e-01 2.390578e-01 1.667105e+00 4.481676e-01
 1.911760e-01 5.922719e-02 1.039175e+00 4.598547e+00 1.451555e+00
 1.594893e+00 5.197040e+00 2.572004e+00 4.819839e+00 3.302912e+00]
clients_crash_prob_vec [0.1, 0.1, 0.1, 0.1, 0.1, 0.1, 0.1, 0.1, 0.1, 0.1, 0.1, 0.1, 0.1, 0.1, 0.1, 0.1, 0.1, 0.1, 0.1, 0.1, 0.1, 0.1, 0.1, 0.1, 0.1, 0.1, 0.1, 0.1, 0.1, 0.1, 0.1, 0.1, 0.1, 0.1, 0.1, 0.1, 0.1, 0.1, 0.1, 0.1, 0.1, 0.1, 0.1, 0.1, 0.1, 0.1, 0.1, 0.1, 0.1, 0.1]
> Task settings
dataset: Boston, task_type: Reg
in_dim=8, out_dim=1, lr=0.000100
optimizer=SGD, loss_func=mse
Clients futile percent (avg.=0.069):
EUR: 0.265000
SR: 0.295200
VV: 0.000000
Avg. round length: 1477.4169563404364
Avg. T_dist: 5.9624
Round trace: [0.5113208133941491, 0.49822702091572274, 0.4872239879488906, 0.4730512999089612, 0.46225816056370556, 0.4526183488508036, 0.4440534724420759, 0.43508471078624417, 0.42462882476928576, 0.41758030731993834, 0.40831377391236556, 0.40088450446970353, 0.3901579763147094, 0.3833748078432766, 0.3759608712574967, 0.37035033606457246, 0.3625867858487578, 0.35529728324570053, 0.3505731193300334, 0.3445086591175843, 0.3376503691372933, 0.33410595211116784, 0.326319447986737, 0.32005053485601714, 0.313684365606069, 0.3081890290544533, 0.3031692908117511, 0.29893176358458473, 0.2930912558206396, 0.2875381210200411, 0.28443454822261566, 0.27851660077030543, 0.27308315758876744, 0.2690106930548249, 0.26279670975144853, 0.25791353928854743, 0.2539985742942924, 0.25022747891609737, 0.24782547940557534, 0.24391053042895558, 0.24162334349825831, 0.2377853420470842, 0.2334308947102005, 0.2319492154973691, 0.22971087513799543, 0.22656014073325453, 0.22328042446512927, 0.22043438288229766, 0.21845955630759548, 0.21596480441446358, 0.21341002238818108, 0.2111465328328494, 0.20940660449973417, 0.20662302068116992, 0.2037754891117197, 0.20291010264002832, 0.20150446790139348, 0.1994824430072627, 0.19709747478375522, 0.19639673442742242, 0.19422056389706643, 0.19316198545970134, 0.19173743331670104, 0.18967531238759575, 0.18930175023493945, 0.1881106865838367, 0.1868381934067191, 0.1857787903975238, 0.18396897240931728, 0.18200362962670621, 0.18055306741539434, 0.17996862106378975, 0.17913325701976188, 0.17785498382462286, 0.17699191445913115, 0.17608786849317062, 0.17458294179093195, 0.17375246069221983, 0.1729808193020816, 0.1715997869012882, 0.170481031496458, 0.16842017384836788, 0.16746900023745723, 0.16693845944201152, 0.16528285295402903, 0.1640173961400615, 0.16325055858576354, 0.16239814184310072, 0.16056921704099522, 0.16048618908598536, 0.15967433043762808, 0.1594569987652929, 0.15839020553940197, 0.15801732345437267, 0.15673140277550612, 0.15655735951489755, 0.15640478218226989, 0.15582989522307694, 0.15516538625175144, 0.154370724371555]
accuracy trace: [0.019688640831828308, 0.044072639296902597, 0.06474267860065243, 0.09187664511691099, 0.11286526621357582, 0.13184325532235924, 0.14892018125602974, 0.16700388134792452, 0.18839292507431718, 0.2029074743238462, 0.22203961096643668, 0.23748803040127595, 0.25982158060031607, 0.2738396953099028, 0.28906297928372526, 0.30051354328191693, 0.3161279047130424, 0.33064245659892283, 0.3399148084568286, 0.3516889748799724, 0.3647221674545831, 0.3713685437586181, 0.38576730054547204, 0.3973598202355652, 0.4090641527520156, 0.4190915683243789, 0.4282084991257438, 0.43587129395123775, 0.4462989070031472, 0.4561091674325573, 0.46151996581391197, 0.4717567297193908, 0.4810034279312701, 0.487872045164068, 0.4981540032321626, 0.506105925844245, 0.5123813476266766, 0.5183129694962358, 0.5220423455864466, 0.5280813703060381, 0.5315873943217165, 0.5374235813284511, 0.5439453410171526, 0.5461458025848674, 0.5494561938667839, 0.5541358142606426, 0.5589858757762205, 0.5631275418853152, 0.5659872659425913, 0.5695862928179133, 0.5732187569459071, 0.5764556319241442, 0.578934294398354, 0.5828700460611664, 0.5868226677486704, 0.5880085810696104, 0.5899430846907222, 0.592737574375005, 0.5960247839182861, 0.596979470824654, 0.5999401161115689, 0.6013779927679698, 0.6033163214337168, 0.6060987197627508, 0.6066067560557272, 0.6081919348956953, 0.6098614770450039, 0.6112477208550284, 0.6135995576330029, 0.6161192058898045, 0.6179692660548444, 0.6187048069439092, 0.6197711368031903, 0.6213864085665539, 0.6224654035980152, 0.6235757384191642, 0.6254056334008706, 0.6264055170649483, 0.6273328661547323, 0.6289649218549825, 0.6302743543099555, 0.6326339546847097, 0.6336965920843121, 0.6342830640465824, 0.6360664943382304, 0.6373884224715081, 0.6381770056193614, 0.6390455222966523, 0.6408283081386067, 0.6409107600065749, 0.64168071856571, 0.6418890359286678, 0.6428586545845064, 0.6431913667049607, 0.6443157668855353, 0.6444713458756126, 0.6446063200841768, 0.6450972506568746, 0.6456588978931435, 0.6463210713354256]
> Pick&crash traces
Extra args(SAFA only): None
Best loss = 0.154371 at round #99
Best accuracy: 0.6463210713354256
time trace: [754.3034962827262, 1493.9185983994946, 2444.111927334599, 4308.532123296345, 5063.315619579072, 6928.3322455379675, 8598.868740535825, 10463.416724606897, 12328.436920568643, 14134.232067318466, 15805.394799630236, 16546.88596570265, 18412.73459166155, 18808.372479176203, 20674.4531051351, 22480.807583851576, 24287.011730194397, 25958.98246250617, 26747.235056627367, 28553.657516705116, 30420.442142664015, 31163.445305984456, 33030.822656277815, 34899.054652471845, 36767.40664866588, 38636.631430165544, 40308.94597119451, 41261.836194834905, 42934.39073586387, 44804.087517363536, 45757.46483810611, 47430.513243229274, 48188.600739512, 50058.769521011665, 51928.2975172057, 52686.47022436274, 53476.58952567745, 55346.469521871484, 57216.099968915485, 59085.12459487438, 60894.43107359086, 62568.79841753621, 64437.458401607284, 66246.8385479501, 66543.94301191805, 68353.29675799447, 69144.22678569962, 71013.83898166138, 72689.32747665924, 74364.93597165709, 75124.75667062162, 76800.74340293338, 78611.45788164985, 80481.42186572093, 82350.81378432261, 83142.55529830443, 84954.0081292068, 86765.7196717554, 88635.5755903571, 90447.24273710692, 92259.16756800929, 93936.46966253739, 95614.03225721398, 97291.56635174208, 98969.36894641868, 100647.28354109527, 101605.01287003036, 102397.92125456185, 104076.19584923844, 105034.40610728833, 105439.1433191299, 107252.08979784638, 109065.15627656285, 110878.47942331267, 112750.91540738374, 113023.28096774252, 113817.62431111447, 114776.53763185705, 115525.91679792946, 117399.29699389121, 119079.44804995778, 120953.06024591954, 122633.28330782267, 124448.05885037126, 126322.37947633017, 128002.81172231921, 129818.22781699439, 131633.62311022775, 133508.7844605211, 134469.1137812637, 136150.13802725275, 137110.82735618786, 138986.4527064812, 139947.632824542, 141763.71236709063, 142725.13248515144, 143476.97564847188, 144242.5972847437, 146059.29657797707, 147741.69563404363]
