

> Exp stats. at 07/12/24-17:02
> Env settings
Mode: FedCS_Nishio
n_clients=600, selected_clients=180, picked_clients=180
rounds=50, n_local_epochs=5, batch_size=100, lag_tol=2
data_dist=('N', 0.3), perf_dist=('N', 0.3), crash_dist=('E', 0.1)
> Env details
client_shard_sizes [343 220 470 628 647 514 253 350 392 416 505 453 690 424 564 465 504 558
 350 512 461 445 530 345 418 274 601 330 320 574 511 677 416 444 344 354
 373 675 268 508 378 303 347 304 604 463 598 605 567 540 313 398 420 450
 314 496 314 314 373 447 383 314 502 362 457 440 548 356 473 413 590 605
 466 254 391 566 335 450 300 545 257 268 311 408 537 297 521 287 411 524
 626 421 476 234 285 337 521 441 374 490 278 447 461 721 183 271 323 406
 382 427 441 411 567 687 534 352 130 503 253 411 434 365 267 308 573 426
 514 630 478 448 398 458 656 204 647 214 432 614 578 414 377 521 538 507
 514 437 324 417 431 460 293 397 231 434 577 724 580 337 258 275 260 424
 520 315 553 243 352 385 508 472 545 524 470 575 392 571 291 583 386 490
 248 278 393 335 358 272 197 387 632 764 506 132 464 488 311 403 545 381
 450 531 332 656 595 458 440 524 613 364 550 458 267 244 317 410 492 611
 388 607 443 428 514 574 424 388 368 463 403 570 306 562 314 531 426 491
 638 421 353 442 496 443 324 183 432 271 551 218 560 504 240 320 238 524
 422 308 407 434 526 444 420 340 487 387 313 631 507 338 612 563 604 643
 487 498 708 407 547 442 402 275 730 318 538 647 504 404 565 455 540 635
 407 451 604 478 303 461 497 511 310 234 430 182 341 551 397 491 280 291
 588 508 681 331 384 610 433 413 731 307 431 321 451 472 580 393 485 427
 741 306 545 490 434 472 440 111 468 465 322 410 598 475 544 451 320 600
 535 364 261 185 347 330 508 496 372 490 298 354 687 271 425 427 264 333
 278 630 417 427 435 234 497 570 490 284 330 570 590 293 697 353 385 274
 638 400 364 424 554 570 507 410 508 517 347 477 198 323 274 624 164 521
 246 433 448 424 421 278 488 553 357 458 654 237 483 521 478 550 353 505
 514 415 655 594 456 324 406 468 421 191 627 240 561 788 221 290 385 424
 400 383 277 457 181 262 475 667 327 238 467 424 431 360 411 290 424 404
 388 501 577 370 522 514 501 327 351 388 334 286 355 365 334 377 338 328
 403 517 534 454 493 377 375 354 530 674 340 425 627 264 387 471 341 402
 334 450 411 661 538 453 554 596 350 372 481 238 488 351 561 335 501 535
 441 421 547 467 531 598 546 451 568 538 384 484 456 208 430 555 638 394
 217 317 527 390 400 525 352 300 335 214 330 494 227 172 550 541 422 351
 374 404 371 366 433 488 457 515 298 454 370 513 486 587 494 573 381 530
 601 558 504 450 474 485 736 343 523 381 384 444 487 508 460 276 688 508
 568 595 641 305 565 278 212 438 467 118 453 344 410 440 164 627 515 188
 384 441 247 298 270 880]
clients_perf_vec [1.2135493196074518, 0.7239358847669879, 1.0543019054397234, 0.9088544729661173, 0.5566738291287813, 1.5148481786931485, 1.2791653898755908, 0.8035468128882701, 0.774356378384448, 1.1713383827249624, 0.5775113218516954, 0.7231126601683986, 1.1412118222437693, 0.7360886465943867, 0.7803611310890659, 1.144404718264911, 1.1769474317328308, 0.7739063278329406, 0.7547801839295449, 0.8913714320205433, 0.28194495425474697, 1.4505418097154847, 0.7315674306761517, 0.7214327828264882, 1.1020124620880734, 1.0157792606259293, 1.53717260881044, 0.5689973007201208, 0.5920867501140985, 1.1849199176990406, 0.6956463285347103, 1.016391663596554, 0.67039359501771, 1.2590690529967077, 0.6063765214869016, 1.2328898002607604, 1.0713396706169054, 1.148470038395178, 1.6465899435267253, 1.1818746640737368, 0.5966810981577801, 1.2609078075016948, 0.7705959632768142, 0.6153768630878692, 0.9821909840824385, 0.7116993905417963, 1.10227503858311, 1.058326043665839, 0.9358299984864722, 0.8048224255861102, 1.2243996296376807, 0.42516609096456914, 1.0413165475191253, 1.2475424951981442, 0.7506544955086938, 1.150999636070153, 0.9075459821061589, 0.7755683592878565, 1.5405367953652946, 0.5550339060194507, 1.4005957922174728, 1.454271407589741, 0.9871925733647978, 1.5304940334881523, 0.9031200045505179, 1.8840569549100856, 0.9789605634291608, 1.3275244470008205, 0.92181368077687, 0.7375790701383438, 0.7525981057620603, 0.7891472536339361, 0.9065729021036123, 1.450495186194662, 0.479710188024698, 1.396058720547908, 1.0494422256022469, 1.0474168688215886, 0.7366592335826965, 1.1333951186115994, 0.5799497989137758, 1.2325559079623771, 1.3333402503322613, 1.586813063501153, 1.034008820017764, 1.423098682838253, 1.1650812510979662, 1.2926638655509795, 1.0841992900712403, 0.9309137157750357, 0.8060500067554796, 1.2446445834545914, 0.9196488917662279, 0.4047299474438527, 1.275091673106468, 1.2151709744472243, 0.8366849267495569, 1.424402060639705, 0.6887767069465205, 0.8069747257745309, 0.6800809510917487, 0.9167941982475891, 1.5976865098536268, 0.9608701295077258, 1.284110578751903, 1.2069078453228295, 1.4317967150846773, 1.5428333619863732, 0.5062728159439303, 1.3489699050338457, 0.9009866176612614, 0.8532021668261384, 0.6312725273435063, 1.083322662986153, 1.1777476142913579, 0.5633275942482283, 0.41900868340571795, 0.9930322155793169, 0.40964696333481987, 1.27949880211037, 1.761102133769638, 1.8153166755737176, 1.4321586300415965, 0.6950881257057213, 0.5374772768409283, 1.3988206031761665, 1.3615948731101373, 1.0604597457152396, 0.5923091955990807, 0.5914906998581702, 1.0072935400875151, 0.5537965338564415, 0.7202617644724685, 0.7935956409927095, 1.249825800762816, 0.7578137847874971, 0.922564216394212, 0.33808585182594164, 0.7304113068223753, 1.462557292107109, 0.810898402311645, 0.743570230869603, 1.1311270516298888, 0.6326803612915552, 0.6885229023179663, 0.569905904707446, 0.5832916075358225, 0.8389996930433152, 0.8753626714892954, 1.2884478887988406, 1.032504248351834, 1.2940807078088818, 1.2004673837620858, 1.3236084605739067, 0.8344940351304013, 1.3081108390856724, 1.2076254654736844, 1.2587723863389126, 0.8960105436930137, 1.1285991827741206, 1.2133166849548278, 0.6884806477068417, 0.8336344562469001, 0.8050252345801172, 1.460111071357597, 1.1499564931667734, 0.9505839927589721, 1.370728664426919, 1.4712397951219556, 1.6242154738430783, 0.7756429755205635, 0.912072174679476, 0.8986680831146844, 0.8625570194977142, 1.2833332153391876, 1.313991934394826, 0.934079011659559, 1.1245133990009848, 1.386939965365063, 0.7597134010533304, 0.811068623464998, 0.9472191461472332, 1.0055598379282908, 1.557298721783388, 1.469353039068812, 1.0592975642475306, 1.168138695954847, 0.9008619546459978, 0.7368979181941395, 1.4330023257063609, 1.060774846248114, 0.7372884877926817, 0.7753954862157613, 1.0423189760893528, 1.1250590970045875, 1.119918272751828, 0.6162266846074883, 0.8636961104348598, 0.9103343346675741, 0.9957859243407851, 1.485840929455897, 0.809216735270738, 1.3518001837514289, 0.860065747984289, 0.7893816830876724, 0.8044669302735099, 0.9931486864919669, 1.0725826282830933, 0.9924547387409964, 0.6917541599183797, 1.5615786643865839, 0.9994712359063699, 0.8609095319601894, 0.4195663449803688, 1.570837849687498, 1.1691489781942839, 1.0712989688027443, 0.8953755278960802, 0.8259067870701078, 1.2663506683645438, 0.7059666369778106, 0.8427967152235091, 0.9766618183700844, 0.509351943418044, 0.9882497954686491, 0.618873372700081, 0.9720435082109542, 0.5194759282174478, 1.1531640461344115, 1.6053801892606363, 0.5916892433502408, 0.8217389052551457, 1.5713874165439052, 0.8932525085579787, 0.42659102354045053, 1.2063192268992782, 1.317327391276077, 1.3368141249725118, 1.504219553765376, 1.3302442044145217, 1.5126902961959514, 1.1254161972026435, 1.6680041822178306, 1.0498988066728634, 0.6368455652248519, 0.955042478663588, 0.7814794058833535, 1.2448888992426435, 1.2994954538562427, 0.9287659644129818, 1.0754232357351723, 0.9056417858547404, 0.9217979898396098, 0.9741052398425433, 0.9199862486273208, 0.8457095258046425, 0.43436427830305546, 0.3706680823727102, 1.0035997810572252, 1.1753935488594738, 0.86179269523547, 0.967597064081318, 1.2354651300221815, 1.0939401141016754, 1.284662666637415, 0.7200722638787549, 1.0881303097148387, 1.123109973868656, 1.3912735704589576, 1.3082504410139022, 1.1914776775975124, 0.5800895010503928, 0.4079969464545099, 0.6977972295472716, 1.21884174789925, 1.2667660405371355, 0.8876507103328488, 0.7186086171680254, 0.6965076702394948, 0.3264757076617685, 1.1494456955387868, 1.0228058722572575, 1.251864662293825, 0.369533449128164, 1.0472486702221908, 0.824876808355633, 0.8580938462005054, 0.17168727483924262, 1.042663097186681, 1.3355418942062733, 0.8280565400933686, 0.9657626387254953, 1.2757595479433714, 1.424266290440904, 1.0943015811444115, 1.121625089946109, 0.9302504743316125, 0.7506743225186977, 1.3882817501735607, 0.8873991692184389, 0.9830111506718934, 0.964447972697163, 0.7163132556519637, 0.7328433665343026, 1.2013330233284738, 0.5589874541997466, 0.8524579183039557, 0.8745365864835951, 1.2106241797296287, 1.2102541493004546, 0.9631777479711727, 1.0860701795104517, 0.8602627825616115, 1.5088511246906133, 1.0589820388331754, 1.1274824418795077, 0.9949888106827591, 0.49287283911331203, 0.8551376700792064, 0.8855055481865814, 1.179067391807089, 1.0451976399969656, 0.7158622166128403, 0.7630749932147791, 0.7345891206042277, 1.3356708113879454, 0.8367598219951133, 1.0499558464127368, 0.8703941845361721, 1.6473445394256612, 0.6929556433410619, 0.9239504866215467, 0.8465439952725646, 1.0882936248946569, 0.47427927387902447, 0.7150718080420314, 0.8493830314824169, 1.6313015486331408, 0.8630485296785667, 0.7089452238540852, 0.872486636760368, 1.2309705893179432, 1.392653419907513, 0.47279623747216704, 0.7937220323326919, 0.3050271313813202, 1.1799497426507164, 0.9293905737045385, 1.1668202697376886, 1.6010344989924157, 0.8950230139633284, 0.8272434903798158, 1.0932681422146246, 1.3479523083303848, 1.2143973298099668, 0.672231352218089, 0.921213226128086, 0.8907306521691234, 1.4377680913857107, 0.891085111082687, 1.4979602164885897, 1.2571442415251683, 0.7212245798913575, 0.5404617071133319, 0.7942219424116834, 0.808964401787196, 1.0741814940313608, 1.1485396914427826, 0.3138952018113047, 0.9577063082559266, 1.1871620702888879, 1.6420734273673896, 0.480812579744767, 0.8301696471508206, 1.134482449697323, 1.604849404561255, 0.9669615924728363, 0.5408465508866712, 0.7758003711751101, 1.121765206364446, 1.1155265909485328, 0.948772757730332, 1.0112928647825108, 0.7902519264996544, 0.789879166109644, 1.5198646246936867, 0.664876940906973, 0.9741230067080846, 0.8691463093206762, 1.2483101578116034, 1.2779608668890703, 0.7987956567359006, 1.0636473149161385, 0.9417586207137318, 1.2197067422435524, 0.979087355904264, 0.7492477619845536, 0.9220801461852395, 0.7023290370839471, 1.3281694041442755, 0.6030299925917503, 1.0187589495647102, 0.9318832098472578, 0.8484604977246238, 0.7807549469392673, 0.7984084800525812, 1.418489044333467, 1.080307101810466, 1.0808365820479862, 1.4581261383694617, 1.4249944674453596, 0.9781182259783053, 0.9642549340395545, 0.7488274126644727, 1.2790487840265596, 1.443731880478354, 1.3205034955760993, 1.0237133652578734, 1.460790503301828, 1.4566042502025287, 0.8544438493991313, 1.2488744611422582, 0.899506737857031, 1.1686187764647222, 1.2478737495066372, 0.9540233863772473, 1.3024268080212673, 1.0356063808026545, 0.7575756153143908, 0.9433781023361907, 1.18580157002767, 1.0421701653732087, 0.7450699039914896, 1.1755006019945264, 0.8262976239678973, 1.1362935690908302, 1.2205290960129958, 1.6870642631921247, 0.9456512593654078, 1.1542491392523757, 1.0713254549181281, 1.1492875591613032, 1.0576827850461288, 1.2045097356892485, 0.9425788330893087, 1.2619803815361679, 0.7667536394356835, 1.170819452497962, 0.8033968296560658, 1.2332859966374798, 0.5156640998357969, 0.9897165479466247, 1.2429515652758927, 1.171496105308864, 0.8826072160434584, 0.20704998098306016, 1.4905535521920976, 0.9837925747352889, 1.0464990886648737, 0.8615335158729632, 0.9177650034460726, 1.1803145853686206, 1.3222191692773655, 1.441970560626979, 1.08285174617627, 0.9518162384617146, 1.3546965897269296, 1.126962930753125, 0.9220205895634049, 0.453464875454316, 0.6601745144458131, 1.1122328355590294, 0.9907463007382444, 1.0343534870953144, 0.84506737605783, 1.096193075972216, 0.7004978012898109, 0.9682683352442256, 1.157377258448352, 1.5254821580936078, 1.0481609036354804, 1.5095695157085485, 0.7434164420657137, 0.7572338916206462, 1.3401911610858237, 1.113168108798709, 0.766365592314076, 0.583544716684691, 0.5049137705032942, 1.0007006830567307, 0.4983090658979208, 1.4718004669167501, 0.9759637313899434, 0.703381759987626, 1.2189124616700813, 0.7815088772998996, 0.8694688981145282, 0.9202318831506329, 1.41943896789674, 0.6443785970192406, 0.8875533195286052, 0.6761492172154568, 0.9388372584903477, 1.0702407737597455, 0.9321501719383414, 0.9672029386682378, 1.6467704189459478, 1.4622290562897358, 0.9759004318443014, 1.5557332907050951, 1.4940920451046236, 1.323891239305907, 1.4696991064620195, 1.092008703689649, 1.6957056227906944, 1.504734409046605, 1.0820592666182283, 0.40651804201369957, 1.1419342602535956, 0.5795995055316563, 0.6028261918538386, 1.2496383794891492, 1.065261877899222, 0.8457940758593343, 0.8157867473423134, 0.9722642723088215, 0.5302028824808009, 1.05610443764086, 1.1104081029759185, 0.8757047866204651, 0.8797247422134608, 0.491610992753333, 1.6474900249718658, 0.48700233354707545, 0.9619580120785111, 0.8496379051858717, 0.7605440635960692, 1.294716533728941, 1.2409843038472785, 1.1252932023557631, 1.180266864685382, 1.0156398961058628, 1.1998995197189046, 1.2327663677033898, 0.6466580507747108, 0.6794958190081309, 0.23599153948690932, 1.114910522613554, 0.9841485231908399, 1.0509535058168635, 0.7658141324334613, 0.8070421425400037, 1.2071602839574822, 1.314377249277591, 1.2313875166257486, 1.1167850802404629, 1.0683206934911786, 0.7846984187359818, 0.871703059438254, 1.0942422132762646, 0.8970400575059406, 1.208902466093563, 0.9458828587772706, 1.4250886652202173, 1.043039669255266, 0.9464114554869959, 1.2471870998474728, 0.9184184799959225, 1.1146684770620465, 1.6674342074048183, 1.4361012157012871, 0.18855316119713628, 0.5833165519202483, 1.0874470983813733, 0.9254024136121116, 0.8595980523387521, 0.9634851343725728, 1.3835633662208806, 0.34270702871920955, 0.9464160861296489, 0.48181400106179706, 0.5245419596164593, 0.718763399737459, 1.2315478401405322, 1.014600804259156, 0.9154724618780806, 1.0071844956757083, 1.0763937249874413, 0.9981562811639221, 0.9701668636007408, 1.078370729800012, 1.034040732262984, 0.8630359009141627, 1.0307127258229727, 0.721217641021233, 1.061148098008442, 0.8289560392945993, 0.8533020401900933, 1.4126962883057694, 1.3856910822527402]
clients_crash_prob_vec [0.1, 0.1, 0.1, 0.1, 0.1, 0.1, 0.1, 0.1, 0.1, 0.1, 0.1, 0.1, 0.1, 0.1, 0.1, 0.1, 0.1, 0.1, 0.1, 0.1, 0.1, 0.1, 0.1, 0.1, 0.1, 0.1, 0.1, 0.1, 0.1, 0.1, 0.1, 0.1, 0.1, 0.1, 0.1, 0.1, 0.1, 0.1, 0.1, 0.1, 0.1, 0.1, 0.1, 0.1, 0.1, 0.1, 0.1, 0.1, 0.1, 0.1, 0.1, 0.1, 0.1, 0.1, 0.1, 0.1, 0.1, 0.1, 0.1, 0.1, 0.1, 0.1, 0.1, 0.1, 0.1, 0.1, 0.1, 0.1, 0.1, 0.1, 0.1, 0.1, 0.1, 0.1, 0.1, 0.1, 0.1, 0.1, 0.1, 0.1, 0.1, 0.1, 0.1, 0.1, 0.1, 0.1, 0.1, 0.1, 0.1, 0.1, 0.1, 0.1, 0.1, 0.1, 0.1, 0.1, 0.1, 0.1, 0.1, 0.1, 0.1, 0.1, 0.1, 0.1, 0.1, 0.1, 0.1, 0.1, 0.1, 0.1, 0.1, 0.1, 0.1, 0.1, 0.1, 0.1, 0.1, 0.1, 0.1, 0.1, 0.1, 0.1, 0.1, 0.1, 0.1, 0.1, 0.1, 0.1, 0.1, 0.1, 0.1, 0.1, 0.1, 0.1, 0.1, 0.1, 0.1, 0.1, 0.1, 0.1, 0.1, 0.1, 0.1, 0.1, 0.1, 0.1, 0.1, 0.1, 0.1, 0.1, 0.1, 0.1, 0.1, 0.1, 0.1, 0.1, 0.1, 0.1, 0.1, 0.1, 0.1, 0.1, 0.1, 0.1, 0.1, 0.1, 0.1, 0.1, 0.1, 0.1, 0.1, 0.1, 0.1, 0.1, 0.1, 0.1, 0.1, 0.1, 0.1, 0.1, 0.1, 0.1, 0.1, 0.1, 0.1, 0.1, 0.1, 0.1, 0.1, 0.1, 0.1, 0.1, 0.1, 0.1, 0.1, 0.1, 0.1, 0.1, 0.1, 0.1, 0.1, 0.1, 0.1, 0.1, 0.1, 0.1, 0.1, 0.1, 0.1, 0.1, 0.1, 0.1, 0.1, 0.1, 0.1, 0.1, 0.1, 0.1, 0.1, 0.1, 0.1, 0.1, 0.1, 0.1, 0.1, 0.1, 0.1, 0.1, 0.1, 0.1, 0.1, 0.1, 0.1, 0.1, 0.1, 0.1, 0.1, 0.1, 0.1, 0.1, 0.1, 0.1, 0.1, 0.1, 0.1, 0.1, 0.1, 0.1, 0.1, 0.1, 0.1, 0.1, 0.1, 0.1, 0.1, 0.1, 0.1, 0.1, 0.1, 0.1, 0.1, 0.1, 0.1, 0.1, 0.1, 0.1, 0.1, 0.1, 0.1, 0.1, 0.1, 0.1, 0.1, 0.1, 0.1, 0.1, 0.1, 0.1, 0.1, 0.1, 0.1, 0.1, 0.1, 0.1, 0.1, 0.1, 0.1, 0.1, 0.1, 0.1, 0.1, 0.1, 0.1, 0.1, 0.1, 0.1, 0.1, 0.1, 0.1, 0.1, 0.1, 0.1, 0.1, 0.1, 0.1, 0.1, 0.1, 0.1, 0.1, 0.1, 0.1, 0.1, 0.1, 0.1, 0.1, 0.1, 0.1, 0.1, 0.1, 0.1, 0.1, 0.1, 0.1, 0.1, 0.1, 0.1, 0.1, 0.1, 0.1, 0.1, 0.1, 0.1, 0.1, 0.1, 0.1, 0.1, 0.1, 0.1, 0.1, 0.1, 0.1, 0.1, 0.1, 0.1, 0.1, 0.1, 0.1, 0.1, 0.1, 0.1, 0.1, 0.1, 0.1, 0.1, 0.1, 0.1, 0.1, 0.1, 0.1, 0.1, 0.1, 0.1, 0.1, 0.1, 0.1, 0.1, 0.1, 0.1, 0.1, 0.1, 0.1, 0.1, 0.1, 0.1, 0.1, 0.1, 0.1, 0.1, 0.1, 0.1, 0.1, 0.1, 0.1, 0.1, 0.1, 0.1, 0.1, 0.1, 0.1, 0.1, 0.1, 0.1, 0.1, 0.1, 0.1, 0.1, 0.1, 0.1, 0.1, 0.1, 0.1, 0.1, 0.1, 0.1, 0.1, 0.1, 0.1, 0.1, 0.1, 0.1, 0.1, 0.1, 0.1, 0.1, 0.1, 0.1, 0.1, 0.1, 0.1, 0.1, 0.1, 0.1, 0.1, 0.1, 0.1, 0.1, 0.1, 0.1, 0.1, 0.1, 0.1, 0.1, 0.1, 0.1, 0.1, 0.1, 0.1, 0.1, 0.1, 0.1, 0.1, 0.1, 0.1, 0.1, 0.1, 0.1, 0.1, 0.1, 0.1, 0.1, 0.1, 0.1, 0.1, 0.1, 0.1, 0.1, 0.1, 0.1, 0.1, 0.1, 0.1, 0.1, 0.1, 0.1, 0.1, 0.1, 0.1, 0.1, 0.1, 0.1, 0.1, 0.1, 0.1, 0.1, 0.1, 0.1, 0.1, 0.1, 0.1, 0.1, 0.1, 0.1, 0.1, 0.1, 0.1, 0.1, 0.1, 0.1, 0.1, 0.1, 0.1, 0.1, 0.1, 0.1, 0.1, 0.1, 0.1, 0.1, 0.1, 0.1, 0.1, 0.1, 0.1, 0.1, 0.1, 0.1, 0.1, 0.1, 0.1, 0.1, 0.1, 0.1, 0.1, 0.1, 0.1, 0.1, 0.1, 0.1, 0.1, 0.1, 0.1, 0.1, 0.1, 0.1, 0.1, 0.1, 0.1, 0.1, 0.1, 0.1, 0.1, 0.1, 0.1, 0.1, 0.1, 0.1, 0.1, 0.1, 0.1, 0.1, 0.1, 0.1, 0.1, 0.1, 0.1, 0.1, 0.1, 0.1, 0.1, 0.1, 0.1, 0.1, 0.1, 0.1, 0.1, 0.1, 0.1, 0.1, 0.1, 0.1, 0.1, 0.1, 0.1, 0.1, 0.1, 0.1, 0.1, 0.1, 0.1, 0.1, 0.1, 0.1, 0.1, 0.1, 0.1, 0.1, 0.1, 0.1, 0.1, 0.1, 0.1, 0.1, 0.1, 0.1, 0.1, 0.1, 0.1, 0.1, 0.1, 0.1, 0.1, 0.1, 0.1, 0.1, 0.1, 0.1, 0.1, 0.1, 0.1, 0.1]
> Task settings
dataset: tcpdump99, task_type: SVM
in_dim=35, out_dim=1, lr=0.010000
optimizer=SGD, loss_func=svmLoss
Clients futile percent (avg.=0.047):
EUR: 0.271067
SR: 0.300000
VV: 0.000000
Avg. round length: 233.42665957018525
Avg. T_dist: 36.72
Round trace: [1.7568117212270613, 1.4070250639285207, 1.1507604674159597, 0.9875623191221714, 0.8517168530947085, 0.7364235449054716, 0.6682002751800036, 0.6164541190524973, 0.567062703856916, 0.5439535336444933, 0.5212808366510032, 0.5103313072990382, 0.4984160532536107, 0.4844622586129393, 0.47876547227403815, 0.4729095336514721, 0.46884366333625066, 0.46367782587755063, 0.4609485827955607, 0.4609485827955607, 0.4530086597309877, 0.45175383046421747, 0.44610623030221497, 0.4440463712600713, 0.4440463712600713, 0.4440463712600713, 0.4440463712600713, 0.43989953259384407, 0.43989953259384407, 0.438491439654581, 0.43524634967227177, 0.43524634967227177, 0.43524634967227177, 0.43126984148444525, 0.42580347552374126, 0.4209895328553284, 0.4209895328553284, 0.4184751953360132, 0.41758783267903726, 0.41758783267903726, 0.41758783267903726, 0.41758783267903726, 0.4150195401765029, 0.41451904511625626, 0.413087310642031, 0.4103197417000391, 0.40891175804971863, 0.40891175804971863, 0.40891175804971863, 0.4071872269472951]
accuracy trace: [0.9845480870884215, 0.9543490584828473, 0.9091730890036313, 0.8852482878024116, 0.9091347848070235, 0.9368440406330918, 0.9250463480778954, 0.9349135091240597, 0.9527402822253206, 0.9466039499287542, 0.9526330304748188, 0.9481131352751008, 0.9543797018401337, 0.9650665726937043, 0.9656717790001073, 0.9684373419951889, 0.9701150658066098, 0.9742978840761793, 0.9751788805981584, 0.9723520308885042, 0.9812998912160816, 0.9811007093937212, 0.982847380759036, 0.9840731150504849, 0.9822268527739899, 0.9837053947630502, 0.9836900730844071, 0.9846706605175664, 0.9843259227480963, 0.9847166255534956, 0.9849311290544992, 0.9847702514287465, 0.9848775031792483, 0.9852988493419339, 0.9855976220754746, 0.9857584997012273, 0.9857584997012273, 0.9857968038978351, 0.9857968038978351, 0.9857968038978351, 0.9857661605405488, 0.9857661605405488, 0.9858351080944429, 0.9858351080944429, 0.9858580906124075, 0.9859040556483368, 0.9859040556483368, 0.9859040556483368, 0.9859040556483368, 0.9859270381663015]
> Pick&crash traces
Extra args(SAFA only): None
Best loss = 0.407187 at round #49
Best accuracy: 0.9859270381663015
time trace: [201.90049684578986, 406.42449567394556, 598.6460044208108, 806.0500032489665, 1002.0140766881836, 1158.197097127388, 1316.697310549048, 1552.8291062275766, 1790.2440539231702, 2029.2558496016989, 2244.9780443424693, 2463.3057402487407, 2706.7956336949287, 2951.8848896909176, 3198.2547831371057, 3445.906578815634, 3586.7984566856044, 3837.173404381198, 4052.719359595238, 4282.5670555015095, 4501.280515746887, 4733.4210125926775, 4990.995960288271, 5174.464798678609, 5434.919746374203, 5696.814694069796, 5960.14964176539, 6200.35183650616, 6466.7236321846885, 6734.693525630876, 6967.806985876255, 7202.072941090295, 7398.501779480634, 7635.935239726012, 7885.647828634018, 8162.099624312546, 8440.149517758735, 8694.751712499505, 8880.293391304935, 9126.657464744152, 9335.43302271121, 9595.225611619215, 9856.45820052722, 10035.693367362412, 10300.375562103181, 10555.089022348559, 10822.65121708933, 11116.541110535518, 11411.712906214047, 11671.332978509263]


> Exp stats. at 07/12/24-17:17
> Env settings
Mode: FedCS_Nishio
n_clients=600, selected_clients=180, picked_clients=180
rounds=50, n_local_epochs=5, batch_size=100, lag_tol=2
data_dist=('N', 0.3), perf_dist=('N', 0.3), crash_dist=('E', 0.3)
> Env details
client_shard_sizes [ 415  270  461  317  573  288  695  456  411  300  398  438  527  438
  446  430  381  341  511  301  454  505  168  403  290  233  494  460
  198  455  631  472  568  503  226  335  560  510  377  195  478  521
  158  476  294  313  627  207  502  411  654  591  473  247  504  250
  607  131  537  326  304  302  227  708  577  258  387  465  284  294
  365  258  561  563  755  427  498  530  355  327  331  254  531  420
  451  608  418  277  857  448  561  541  521  356  148  214  317  312
  340  410  562  283  364  557  517  497  432  256  335  455  415  386
  565  123  484  298  500  337  224  451  654  410  407  433  573  657
  647  144  455  280  525  535  660  525  333  282  534  500  275  580
  394  463  437  273  283  303  494  350  350  437  554  431  438  510
  424  334  467  443  465  478  380  461  453  602  498  283  425  607
  514  235  440  603  537  538  451  191  317  357  370  398  338  255
  647  411  158  384  577  418  518  333  266  612  288  350  511  414
  447  718  273  557  408  327  427  500  290  441  224  520  497  493
  434  311  391  400  386  403  577  327  527  414  373  277  128  435
  343  302  608  257  468  482  677  351  317  801  317  501  233  396
  507  833  538  107  593  545  535  437  454  514  595  534  493  404
  412  681  208  411  454  420  254  550  474  338  523  438  416  380
  373  704  354  364  367  347  360  547  447  270  343  270  238  267
  432  367  402  633  385  637  522  361  551  547  427  685  530  584
  594  657  331  401  294  367  531  390  488  554  587  407  466  524
  490  567  315  347  433  313  537  401  295  638  634  361  361  304
  165  365  520  377  426  521  317  426  380  700  404  683  448  544
  515  670  350  300  404  553  668  283  273  500  425  613  380  365
  495  230  156  474  693  543  465  421  454  570  350  365  447  388
  531  486  380  517  205  514  595  523  440  428  294  300  530  587
  385  454  377  541  718  500  433  547  447  111  480  580  426  437
  405  452  391  408  348  530  283  410  231  261  471  458  323  207
  568  361  591  515  480  491  437  468  397  387  285  472  421  541
  155  358  660  483  384  486  560  454  585  674  454  347  604  441
  474  474  284  597  275  327  648  563  295  413  345  531  128  570
  498  615  380  447  447  314  391  361  388  507  447  714  474  571
  284  633  337  687  507  426  463  504  558  361  483  283  698  591
  583  537  423  254  424  498  410  425  438  481  451  251  515  440
  400  518  355  395  412  761  218  611  451  576  430  567  418  361
  641  270  470  505  347  151  253  624  681  316  225  401  551  504
  378  498  621  592  511  414  531  611  343  447  624  524  451  307
  614  500  278  432  144  377  451  440  550  425  527  580  440  608
  414  310  368  428  435  397  277  411  704  493  268  451  314  128
  654  423  618  287  395  305  288  528  451  463  428  188  283  387
  512  387  290  471  364  561  385  471  548  225  444  245  258  567
  691  536  264  387  218  366  594  426  393  301  458 1002]
clients_perf_vec [0.774887103184716, 0.7780585548654106, 1.0464143770588623, 0.590513725985949, 0.885348602572154, 1.3478373240260892, 1.1798815645942518, 1.5544539654009102, 0.8415967485627819, 0.8707703530637079, 1.202106575827007, 1.0137434018018392, 1.0081988925309, 0.9079872704640212, 0.2928068194675659, 0.8913905611917832, 1.1950818492380963, 0.8428438078424553, 1.1042700472700262, 1.1602671197558394, 0.8899960091544757, 1.378126101992396, 0.5424834075034526, 1.2918486471346382, 0.35108426686565153, 1.1215001481751663, 1.0532321493868042, 0.9300003129373869, 1.0694659733533296, 0.3762126595625227, 0.295646611826868, 0.6591995859478926, 0.9272521373539228, 0.9414089545213502, 0.4486987667166077, 0.74081053769923, 1.3833423483903844, 1.0631701022526345, 1.2345555818424185, 0.9178680009808341, 0.8622432949983323, 0.9841626984589981, 0.8392965524652445, 1.4622907004169958, 1.2116882784343448, 0.7153805809951026, 0.7167079331356949, 0.9438014195282525, 0.9036467119914675, 0.3637759668881998, 1.0964003318942925, 0.509171900600994, 1.0442530244595336, 0.7276209437433736, 1.3407165400487124, 0.9973327348516549, 1.3200049619697551, 0.6647359477425703, 0.7725255072714583, 1.3200893130151559, 0.7327833344532324, 0.38266799704521526, 0.8401433543445211, 0.9254683529880381, 1.1570620417202107, 1.0299367067184515, 1.0054132643541462, 1.107036729368021, 1.1054922062466748, 1.4538690374449206, 1.0424397078484562, 1.1518801534801018, 1.0727072840057714, 0.7673608145075534, 0.7580104777313116, 0.9172408489588779, 0.3829908754909743, 0.8021233595124775, 1.2657936202389013, 1.2431006498550778, 1.2547950555897347, 1.0066092415706047, 1.6591434531681684, 0.5981561219594453, 0.7825416292589822, 0.36609655156648657, 0.7548668750787112, 0.4834907667596814, 0.5687543406639621, 0.9355233945854928, 1.0525653203751375, 0.7186304450898398, 1.1143962673969776, 0.8772209606332306, 1.022870919994282, 0.5312743684596921, 0.9270556880914055, 0.9798902156027314, 0.946441004768517, 1.2618185347055495, 0.7257942588246242, 0.28770530781320136, 0.5484252169845778, 1.2908274248537484, 0.9708811257216557, 0.9957321564747806, 0.8214203613893735, 0.7326158806160215, 0.9667539241999327, 0.7356037667785693, 1.0209424937300375, 0.7574265425213536, 0.42412133407816766, 1.1622308837747228, 0.5884721086198164, 0.46642248644799666, 0.6212070601888473, 1.4325597171733584, 1.523977114940346, 0.9703497877632182, 1.1264522215298054, 0.7028631667701137, 1.3943668090018262, 0.4992265586380137, 0.8280501163978212, 1.1527677269817693, 1.469448971885205, 1.3439005934646768, 1.1877063403251116, 1.2970499859963005, 0.805965109191479, 0.9008066486277873, 1.355756129494923, 0.8032159676463102, 0.8306389179106958, 0.9874836609422071, 0.8207417691657206, 0.9383387525865236, 0.8486323617388448, 1.5020499074484, 1.2855250085810621, 0.490029995360844, 0.9899090111799638, 1.0351024905076078, 0.8767819762452236, 0.7293198890551329, 1.3762157651194737, 0.8298666289167005, 0.6353133075773272, 1.139887106073353, 1.1723879842984677, 1.1695939848248036, 0.7253101522037826, 1.4023668416703028, 1.0562843318309545, 0.8015697551081093, 1.0740838576556977, 1.265512094935211, 0.769850707207565, 1.3711280602288576, 0.9651791963104499, 0.63834190360864, 0.47896056193914716, 0.2639348302964136, 1.1319439319836802, 0.918038999279455, 0.971874595569581, 0.6331055649288801, 1.1404401406162166, 1.1349702503186911, 1.3687002101480201, 1.8643609822351488, 0.5892880714365811, 0.37288209399086036, 1.4088793520619851, 1.7815209440551663, 1.0102574602057202, 0.8202139808695197, 1.3031343536911946, 0.9281446696718472, 0.6021299838887941, 0.7074236111199577, 0.24602778644056789, 1.3186889272258555, 1.122325855710267, 0.7627142578688504, 1.008438289949354, 0.5335430174210477, 0.7129250059097333, 0.7742500456630274, 1.2240288765647573, 0.9193466561119267, 0.3856670916204976, 1.3015985250838962, 1.2880398275956058, 0.6581937275023311, 1.275458126043877, 1.0476058982862582, 1.4421922556545166, 0.6808224405533989, 1.3443050092033637, 1.1703592361941821, 1.0003543161382582, 1.2503735033573529, 0.8864785522438179, 1.4107262210562932, 0.8483043306783176, 1.12779593833437, 0.5391080809175914, 1.474900855677662, 1.111577730847473, 0.8425513329706629, 0.9884929489619827, 0.8313204718176977, 1.2482868798867628, 1.1671400763793378, 0.6640170166142156, 0.9360676194562029, 0.9781288787789377, 0.7805732151942396, 1.3724228171362403, 0.9737804657073892, 0.7759217518404704, 0.4464102227288269, 0.95453797722264, 0.8136088435460468, 1.0810569402821812, 1.45391953402914, 0.5567113248221844, 1.246618984415228, 1.5945428710339424, 1.4251712873996887, 1.1292523434849424, 0.7289809784597916, 0.4744247263977365, 0.49067398976253507, 1.6806411596298194, 0.6181328233526477, 0.787275776395033, 1.143521049417795, 1.6371226465734727, 1.0458740285989336, 1.3070177979012008, 0.6205874428075235, 1.105345615190118, 0.4578926814811799, 1.1306037175095576, 0.8004381892181202, 1.1019669271281198, 1.251557880566487, 0.8989610286670046, 1.1314969161480692, 0.9361882350262284, 1.400352594482987, 0.6106766015383699, 0.8733848992178308, 1.215603270424501, 1.1733598774187577, 1.0115769438389375, 1.2613088218017152, 0.953468772012453, 0.924702521961372, 0.7402445578317494, 1.0558998849474033, 1.1289369949458608, 0.6009786262073739, 1.0959524683420636, 1.2478231045739259, 1.0407726257063379, 1.2507394639853266, 1.3944209320387069, 1.4749100835405446, 1.2648135419247708, 1.2053477391881913, 0.8306018678648786, 0.4305494062794092, 0.8898899672521293, 1.193115899259948, 1.163266931544641, 0.522342587632826, 1.2213335246517443, 1.1690257572740372, 1.1082238929007346, 0.7241712695926574, 0.8887844381047395, 0.8786085006473084, 0.5125479628792102, 0.9189679362674047, 1.1961803003851619, 0.8269672569427368, 0.7991758336068469, 1.307178593866848, 0.8112329783539445, 0.751937580691262, 1.1035809630619766, 2.2459866671413025, 1.1994226889941988, 1.4737691894708045, 1.0803473838926738, 1.4580337283648555, 0.6444947845883477, 0.9569380984837377, 1.0109294605201171, 0.6201237721450317, 0.8272342665884707, 0.524675767180999, 0.9678232278904517, 0.9554474694046896, 1.6045446801762866, 0.8609119407645937, 1.1010261795071938, 0.7711159972634116, 1.070696211106581, 1.196927383568464, 1.1863915252715995, 0.7561064706810373, 0.3865352129320584, 1.40456030572108, 0.9362642228684545, 1.0246098309574794, 1.378212095108445, 1.259656885390548, 1.0873616106610642, 1.125197883681748, 1.3030615460949808, 0.8808969998769242, 0.994515030541826, 1.18635052428217, 0.35115820816602195, 0.5146763065581923, 1.4059334870030924, 1.1399092336949175, 0.9315490435290359, 0.8429167466031932, 0.9744459187800631, 1.2224005396872304, 1.049702632014735, 0.5203314810310307, 0.8015620355715117, 0.7833190086858202, 1.2141801226505908, 1.0631614641845335, 1.9025290415963343, 0.5427339134758742, 0.8049991669449905, 0.6463542021095645, 1.2962037044718537, 1.0342708096952256, 0.43804630376239717, 1.3037592945007124, 1.0814325861208949, 0.7169245650305732, 0.9708652701695131, 1.1948513049359277, 1.6412531805537367, 0.7516036581485068, 1.040659345903552, 0.6223728173792524, 1.0422900807714188, 1.1295119563712999, 0.7779537055846402, 1.0982734944855004, 1.510370780118853, 0.35027951439635874, 0.32401741604414247, 0.9311704686128717, 1.379976139021336, 1.2403812004857613, 1.4956544539504417, 1.1394364742581644, 0.9050510839135134, 1.1686759383332999, 0.7403367781565551, 1.103153807031302, 1.5125090286191267, 1.9732330317350177, 0.9358267353908938, 1.1628031359010946, 0.5846400249133927, 1.1219349725685255, 1.3680419785772422, 1.5137578331932573, 1.1953756898635566, 0.7449327672609323, 1.4029357216708247, 1.2094818931954965, 0.7152231450728284, 1.0817243733875772, 0.7603251676921763, 1.291747762219396, 1.0011649943883305, 1.057076158647004, 0.9228510671163987, 0.2876194910590286, 1.1953339648902743, 1.589884012862647, 1.1490058478831797, 0.9826131900648089, 1.0918755269894767, 0.9689365210294483, 1.1992641560445623, 1.1418587599753451, 1.0192695004780359, 1.0871015258365844, 0.511459365237735, 0.6958821846700782, 1.3257820447410733, 1.3359487289415721, 1.2984853381195653, 0.8995653777483786, 0.48920837865265154, 1.4744717538729053, 0.8893489920815312, 0.9203705787524062, 0.8820766770813974, 1.193204534462544, 1.0375994496419692, 1.2544858156556804, 0.6587601397584497, 0.7840261476790259, 1.073998730780587, 0.5877541756730851, 0.7375817630205048, 1.2178927634985321, 0.6719970436420457, 1.128206801836334, 0.9162751840179773, 0.8717044451528188, 0.825021009077727, 0.9240095811229322, 1.3580190869718893, 1.1487998224128082, 0.9533491428653365, 0.8863943658073709, 1.045363328600655, 1.4037383148419786, 1.0895526000472673, 1.4026128038869872, 1.2957481931099015, 0.5369676206731745, 0.9743483066544739, 0.944595983187707, 1.493762441049124, 1.0076750500528189, 1.2652784165034054, 0.8457915765598127, 0.8551022349228408, 0.7430664714328987, 1.3528961556499455, 1.1766006285884154, 1.3366056341027015, 0.602405454962007, 0.5596832884056064, 0.7636410366127719, 1.127570029734219, 1.4806107087893565, 0.5614686461056599, 1.1579637234324955, 0.7994057474607446, 0.8756007136731053, 1.4877029631141405, 1.1688866580984105, 1.1075611339659297, 1.0497495412119062, 1.3402783239604172, 1.1567154074547317, 1.128301657538814, 0.582503162768266, 1.277411045123258, 0.9471228084323052, 1.0168958012988694, 1.1957408415888782, 0.6666753912933656, 0.772752496659015, 0.6570832752887097, 1.4379370189910416, 1.0318037594316816, 1.244368649205181, 1.3159463109700718, 1.298754075434748, 0.9300978918905959, 0.852487546617674, 1.462582578200261, 1.3637189620195211, 1.393957784412012, 0.6600436528006922, 1.3729764658107575, 0.8910998464238458, 1.0290785665461875, 0.8919166268155581, 1.1286009596356257, 0.8852156800544906, 1.191683780208454, 0.8406602219114149, 1.2174605631566198, 1.5136843126588804, 1.1895564289653708, 0.7890809934472861, 0.8476211954185023, 0.9136025947652567, 0.8170476072914, 1.0187571770358188, 1.4193499765689797, 0.7467677181711572, 0.7214757423318994, 0.7624124888764487, 0.7623137421788427, 1.0799106869155919, 1.083122317172701, 0.5630689519438328, 1.2152202196769077, 0.6524606008626974, 0.7820221379847355, 1.057793963935519, 1.131272914305409, 0.9669411992864672, 1.3556165275180712, 0.8101231622777803, 1.2636026412580184, 1.2520611564817647, 1.4782154278693265, 1.2920709226750007, 1.0743583406405894, 0.5993988685493, 1.3533900883638739, 1.3838091093673153, 0.7026751256298075, 1.174391179193649, 0.9426662833915928, 1.1195943636181522, 1.1126531582367611, 1.1875328878728026, 1.1723582806020494, 0.8562154566159332, 0.9078505168894616, 1.3172944136373124, 1.1015666079477713, 1.0158506250424961, 1.2624396185507891, 0.7494654613243457, 1.0240888979322147, 0.7999663876860297, 1.22163935431319, 1.126748729667565, 1.4903696654316683, 0.7709995804409443, 0.5338156306603759, 0.7244228451212528, 1.020589398535318, 1.3250101181662657, 0.9180879397466971, 1.3502270790593482, 0.7922610528883074, 1.1338404801032693, 0.8662814477831077, 1.0200218835127157, 1.0570939065600231, 0.6286263312265234, 0.8574495078154203, 1.1807282785843456, 0.5929500356649877, 1.315928815219759, 1.0147724908062088, 0.33261582585781546, 0.7153162908606201, 0.8696764885194037, 1.638400270901914, 1.3632816138396102, 0.47948724673230847, 1.225808156824576, 1.6038315065956428, 1.5287199935677664, 0.6173920418394223, 0.7830474267036951, 0.786655706140486, 0.4603653177482875, 1.752960785682256, 1.0164856822939863, 0.9496398845327109, 0.5234495560434702, 0.9132621047971435, 0.9431083609086328, 1.107506473883776, 0.7412888433298952, 0.9943077797360518, 0.8608882629059565, 0.8912171820060852, 0.6770052386196428, 0.8446841887311938, 0.9567876572765338, 1.4888419234496135, 1.4741348256978026, 0.9541817211965601, 0.804311709478257, 0.693275910668302, 1.2736817014409, 0.6540671485292471, 1.1289676799368769, 0.3566307527011493, 0.9122969833963168]
clients_crash_prob_vec [0.3, 0.3, 0.3, 0.3, 0.3, 0.3, 0.3, 0.3, 0.3, 0.3, 0.3, 0.3, 0.3, 0.3, 0.3, 0.3, 0.3, 0.3, 0.3, 0.3, 0.3, 0.3, 0.3, 0.3, 0.3, 0.3, 0.3, 0.3, 0.3, 0.3, 0.3, 0.3, 0.3, 0.3, 0.3, 0.3, 0.3, 0.3, 0.3, 0.3, 0.3, 0.3, 0.3, 0.3, 0.3, 0.3, 0.3, 0.3, 0.3, 0.3, 0.3, 0.3, 0.3, 0.3, 0.3, 0.3, 0.3, 0.3, 0.3, 0.3, 0.3, 0.3, 0.3, 0.3, 0.3, 0.3, 0.3, 0.3, 0.3, 0.3, 0.3, 0.3, 0.3, 0.3, 0.3, 0.3, 0.3, 0.3, 0.3, 0.3, 0.3, 0.3, 0.3, 0.3, 0.3, 0.3, 0.3, 0.3, 0.3, 0.3, 0.3, 0.3, 0.3, 0.3, 0.3, 0.3, 0.3, 0.3, 0.3, 0.3, 0.3, 0.3, 0.3, 0.3, 0.3, 0.3, 0.3, 0.3, 0.3, 0.3, 0.3, 0.3, 0.3, 0.3, 0.3, 0.3, 0.3, 0.3, 0.3, 0.3, 0.3, 0.3, 0.3, 0.3, 0.3, 0.3, 0.3, 0.3, 0.3, 0.3, 0.3, 0.3, 0.3, 0.3, 0.3, 0.3, 0.3, 0.3, 0.3, 0.3, 0.3, 0.3, 0.3, 0.3, 0.3, 0.3, 0.3, 0.3, 0.3, 0.3, 0.3, 0.3, 0.3, 0.3, 0.3, 0.3, 0.3, 0.3, 0.3, 0.3, 0.3, 0.3, 0.3, 0.3, 0.3, 0.3, 0.3, 0.3, 0.3, 0.3, 0.3, 0.3, 0.3, 0.3, 0.3, 0.3, 0.3, 0.3, 0.3, 0.3, 0.3, 0.3, 0.3, 0.3, 0.3, 0.3, 0.3, 0.3, 0.3, 0.3, 0.3, 0.3, 0.3, 0.3, 0.3, 0.3, 0.3, 0.3, 0.3, 0.3, 0.3, 0.3, 0.3, 0.3, 0.3, 0.3, 0.3, 0.3, 0.3, 0.3, 0.3, 0.3, 0.3, 0.3, 0.3, 0.3, 0.3, 0.3, 0.3, 0.3, 0.3, 0.3, 0.3, 0.3, 0.3, 0.3, 0.3, 0.3, 0.3, 0.3, 0.3, 0.3, 0.3, 0.3, 0.3, 0.3, 0.3, 0.3, 0.3, 0.3, 0.3, 0.3, 0.3, 0.3, 0.3, 0.3, 0.3, 0.3, 0.3, 0.3, 0.3, 0.3, 0.3, 0.3, 0.3, 0.3, 0.3, 0.3, 0.3, 0.3, 0.3, 0.3, 0.3, 0.3, 0.3, 0.3, 0.3, 0.3, 0.3, 0.3, 0.3, 0.3, 0.3, 0.3, 0.3, 0.3, 0.3, 0.3, 0.3, 0.3, 0.3, 0.3, 0.3, 0.3, 0.3, 0.3, 0.3, 0.3, 0.3, 0.3, 0.3, 0.3, 0.3, 0.3, 0.3, 0.3, 0.3, 0.3, 0.3, 0.3, 0.3, 0.3, 0.3, 0.3, 0.3, 0.3, 0.3, 0.3, 0.3, 0.3, 0.3, 0.3, 0.3, 0.3, 0.3, 0.3, 0.3, 0.3, 0.3, 0.3, 0.3, 0.3, 0.3, 0.3, 0.3, 0.3, 0.3, 0.3, 0.3, 0.3, 0.3, 0.3, 0.3, 0.3, 0.3, 0.3, 0.3, 0.3, 0.3, 0.3, 0.3, 0.3, 0.3, 0.3, 0.3, 0.3, 0.3, 0.3, 0.3, 0.3, 0.3, 0.3, 0.3, 0.3, 0.3, 0.3, 0.3, 0.3, 0.3, 0.3, 0.3, 0.3, 0.3, 0.3, 0.3, 0.3, 0.3, 0.3, 0.3, 0.3, 0.3, 0.3, 0.3, 0.3, 0.3, 0.3, 0.3, 0.3, 0.3, 0.3, 0.3, 0.3, 0.3, 0.3, 0.3, 0.3, 0.3, 0.3, 0.3, 0.3, 0.3, 0.3, 0.3, 0.3, 0.3, 0.3, 0.3, 0.3, 0.3, 0.3, 0.3, 0.3, 0.3, 0.3, 0.3, 0.3, 0.3, 0.3, 0.3, 0.3, 0.3, 0.3, 0.3, 0.3, 0.3, 0.3, 0.3, 0.3, 0.3, 0.3, 0.3, 0.3, 0.3, 0.3, 0.3, 0.3, 0.3, 0.3, 0.3, 0.3, 0.3, 0.3, 0.3, 0.3, 0.3, 0.3, 0.3, 0.3, 0.3, 0.3, 0.3, 0.3, 0.3, 0.3, 0.3, 0.3, 0.3, 0.3, 0.3, 0.3, 0.3, 0.3, 0.3, 0.3, 0.3, 0.3, 0.3, 0.3, 0.3, 0.3, 0.3, 0.3, 0.3, 0.3, 0.3, 0.3, 0.3, 0.3, 0.3, 0.3, 0.3, 0.3, 0.3, 0.3, 0.3, 0.3, 0.3, 0.3, 0.3, 0.3, 0.3, 0.3, 0.3, 0.3, 0.3, 0.3, 0.3, 0.3, 0.3, 0.3, 0.3, 0.3, 0.3, 0.3, 0.3, 0.3, 0.3, 0.3, 0.3, 0.3, 0.3, 0.3, 0.3, 0.3, 0.3, 0.3, 0.3, 0.3, 0.3, 0.3, 0.3, 0.3, 0.3, 0.3, 0.3, 0.3, 0.3, 0.3, 0.3, 0.3, 0.3, 0.3, 0.3, 0.3, 0.3, 0.3, 0.3, 0.3, 0.3, 0.3, 0.3, 0.3, 0.3, 0.3, 0.3, 0.3, 0.3, 0.3, 0.3, 0.3, 0.3, 0.3, 0.3, 0.3, 0.3, 0.3, 0.3, 0.3, 0.3, 0.3, 0.3, 0.3, 0.3, 0.3, 0.3, 0.3, 0.3, 0.3, 0.3, 0.3, 0.3, 0.3, 0.3, 0.3, 0.3, 0.3, 0.3, 0.3, 0.3, 0.3, 0.3, 0.3, 0.3, 0.3, 0.3, 0.3, 0.3, 0.3, 0.3, 0.3, 0.3, 0.3, 0.3, 0.3, 0.3, 0.3, 0.3, 0.3, 0.3, 0.3, 0.3, 0.3, 0.3, 0.3, 0.3, 0.3, 0.3, 0.3, 0.3, 0.3]
> Task settings
dataset: tcpdump99, task_type: SVM
in_dim=35, out_dim=1, lr=0.010000
optimizer=SGD, loss_func=svmLoss
Clients futile percent (avg.=0.149):
EUR: 0.209333
SR: 0.300000
VV: 0.000000
Avg. round length: 198.16349936259508
Avg. T_dist: 36.72
Round trace: [1.7746889820405023, 1.4385114702159087, 1.1737889083560558, 0.9769543479506054, 0.8324458454655052, 0.7295712226491643, 0.64714789718588, 0.5906160312814619, 0.5535630051896182, 0.5389026264046273, 0.5090104364917659, 0.49609986887696134, 0.486014907998813, 0.46944331151504803, 0.4692896114844154, 0.4640258902330347, 0.4529741984429497, 0.4515068409558432, 0.44003896132202397, 0.43777311779330896, 0.4360025995684075, 0.4360025995684075, 0.4360025995684075, 0.42821484110200225, 0.42368742018104366, 0.41711296827821354, 0.40876174215795086, 0.40349028821449934, 0.4025407556486654, 0.401082019542269, 0.401082019542269, 0.401082019542269, 0.39589801620388493, 0.3911594201929593, 0.3904577638289049, 0.38451498077516477, 0.38182692462649453, 0.3784397412044502, 0.3784397412044502, 0.37553855038636574, 0.37471687640606244, 0.37367160027776797, 0.37367160027776797, 0.37158967826795014, 0.37158967826795014, 0.37158967826795014, 0.37158967826795014, 0.37158967826795014, 0.37158967826795014, 0.3689290453767955]
accuracy trace: [0.985712534665298, 0.9664761671288706, 0.9381770266750425, 0.9580186005178727, 0.9329829776150275, 0.9441065163099269, 0.9628602509690962, 0.9701840133605037, 0.9748494645073315, 0.9585165550737739, 0.9715323210810977, 0.9707126112736911, 0.9713254784194156, 0.9816293073069086, 0.9770021603566886, 0.9786339191321801, 0.9826328772580324, 0.9825103038288875, 0.9850000766083932, 0.9850690241622873, 0.985038380805001, 0.9847396080714603, 0.984831538143319, 0.9855746395575099, 0.9857508388619057, 0.9858580906124075, 0.9859270381663015, 0.9859653423629092, 0.9859653423629092, 0.9859730032022308, 0.9859653423629092, 0.9859653423629092, 0.985988324880874, 0.9860036465595171, 0.9860036465595171, 0.9860113073988386, 0.9860036465595171, 0.9860036465595171, 0.9860036465595171, 0.9860113073988386, 0.9860113073988386, 0.9860113073988386, 0.9860036465595171, 0.9860189682381602, 0.9860113073988386, 0.9860036465595171, 0.9860036465595171, 0.9860113073988386, 0.9860036465595171, 0.9860189682381602]
> Pick&crash traces
Extra args(SAFA only): None
Best loss = 0.368929 at round #49
Best accuracy: 0.9860189682381602
time trace: [182.59739762751957, 309.8476371029065, 437.9767723251232, 624.8941699526428, 775.2337736767641, 903.6369371266754, 1094.42690746113, 1246.4563754665432, 1427.006671437243, 1622.5640690647629, 1784.029817822762, 1983.3803323749037, 2147.726081132903, 2349.4969523682585, 2516.571885212162, 2720.321855546617, 2925.070324777319, 3096.6160735353183, 3304.2445427660205, 3473.5540107714337, 3683.626788123432, 3894.709568915403, 4073.3045017593067, 4286.423934459353, 4501.402303062207, 4717.401735762252, 4923.872031732953, 5109.206635457073, 5329.112503227426, 5539.772939187217, 5752.0032351579175, 5976.642667857964, 6191.883764854144, 6419.40319755419, 6616.118614286442, 6846.104482056794, 7044.561263439756, 7278.259632042609, 7474.9291000480225, 7700.514663351195, 7938.957444143166, 8141.233711576523, 8348.478993107985, 8579.958242676232, 8766.372279026667, 9012.445056378665, 9225.59998922257, 9439.896770605532, 9656.772187337783, 9908.174968129753]


> Exp stats. at 07/12/24-17:19
> Env settings
Mode: FedCS_Nishio
n_clients=600, selected_clients=180, picked_clients=180
rounds=50, n_local_epochs=5, batch_size=100, lag_tol=2
data_dist=('N', 0.3), perf_dist=('N', 0.3), crash_dist=('E', 0.5)
> Env details
client_shard_sizes [ 380  484  118  832  521  128  541  408  240  364  558  401  440  310
  530  342  353  498  647  728  420  601  391  235  350  444  567  498
  438  433  347  351  378  317  524  298  495  501  491  364  452  643
  654  667  360  510  298  683  355  577  255  267  460  567  660  508
  304  453  467  314  414  736  330  744  465  440  468  344  420  704
  410  316  321  347  400  398  500  508  766  561  440  475  641  454
  734  383  377  401  338  370  563  435  328  657  438  533  520  311
  374  582  553  254  368  346  408  368  347  582  411  352  295  366
  161  465  443  384  311  503  610  560  452  438  364  605  320  374
  382  598  302  403  480  435  628  272  491  502  368  440  307  213
  377  665  337  412  352  535  472  364  293  394  513  461  354  327
  251  360  541  201  268  625  583  451  490  317  456  456  615  301
  484  638  470  578  500  394  442  427  388  245  302  361  160  465
  410  551  527  424  590  277  422  588  421  164  462  518  464  164
  286  428  597  526  495  290  271  408  410  282  700  368  194  445
  154  341  427  227  487  652  520  304  620  320  317  301  641  600
  257  474  327  130  451  457  512  600  278  507  403  294  338  455
  318  381  440  355  401  637  474  526  503  367  254  358  443  300
  394  411  388  284  297  480  601  446  254  368  413  394  504  247
  344  554  487  450  294  592  655  304  328  601  417  417  464  440
  424  504  445  496  384  347  554  548  350  337  453  344  488  130
  570  577  380  525  540  544  653  353  345  505  508  330  476  414
  195  430  397  500  383  697  397  500  367  298  414  344  340  422
  597  501  580  507  237  205  404  544  390  488  515  466  557  663
  686  484  203  378  412  262  495  351  458  320  202  507  583  334
  734  228  467  327  371  420  610  350  575  443  496  447  704  594
  558  544  505  321  217  251  655  281  361  547  543  305  345  157
  595  448  710  374  534  594  663  415  505  230  181  590  308  385
  581  465  475  631  542  191  411  387  127  413  495  466  560  508
  325  368  548  583  453  383  371  347  255  474  375  550  256  448
  270  544  380  260  498  484  532  377  504  342  521  226  308  497
  421  493  420  300  515  470  661  588  410  557  483  701  344  538
  350  653  530  517  468  450  523  580  494  404  332  447  494  475
  371  258  334  388  321  440  323  118  367  302  285  652  160  554
  495  471  521  536  286  593  177  428  608  588  394  495  278  325
  385  331  464  473  150  461  380  271  340  414  680  423  603  548
  600  301  517  223  423  417  175  548  508  458  445  538  415  287
  560  401  412  318  573  372  577  220  245  440  350  598  464  332
  380  470  515  528  450  272  388  326  520  364  330  390  464  742
  438  717  540  408  325  457  666  465  556  287  465  352  410  447
  458  608  145  611  525  542  528  318  442  251  332  333  604  357
  647  583  441  557  440  212  188  571  452  360  333  558  203  544
  198  523  511  687  340  386  670  310  621  543  460 1109]
clients_perf_vec [0.5140775907349877, 0.9244725078012389, 1.0176299979627044, 0.836811463428678, 0.8480426413221467, 1.0841149380725925, 1.2858980808711389, 0.39920859895756344, 1.1986748854345992, 1.1501066038501073, 1.1354654960314818, 0.9446194708477966, 1.3183799365437006, 1.670120367471361, 1.0146243923660763, 1.1936584510072146, 1.239503263034167, 1.215857800660662, 0.77413067211731, 0.9534504301241775, 0.714243901833512, 1.0642736506008037, 1.2264198478611523, 1.0392467671784955, 0.7437945871274212, 1.2451389695527784, 1.0231303480393221, 1.1355395826614783, 1.1015605993620448, 1.226049872509285, 0.672320265178865, 0.9777692067948598, 1.5157043388061995, 1.362018728305723, 1.3240016785388733, 0.2490556862840384, 0.7762168586723688, 0.4600136393614249, 0.6414831160007628, 1.4546188957463013, 0.8858621504442219, 0.8023130058814386, 0.7511402237530134, 1.371870300308175, 0.8661307760860337, 0.5578867637990996, 0.7177832689274641, 1.777035579573187, 1.3089841049439934, 0.875964416387656, 0.8558925746085665, 0.9199834183963844, 1.3507990643069188, 0.7702576471715071, 0.6429214213541883, 1.128924660708729, 1.1600155250672937, 1.2460652041028244, 1.3386360131200485, 1.1249128098125591, 0.9792150086581717, 0.9656895715469814, 1.3397486977619533, 0.8924596598702936, 1.1354673523465797, 0.913468346075858, 0.791407819151511, 1.0713123536862679, 1.0486704262683784, 1.24841190556432, 1.561522168555922, 1.0818806860970935, 1.175460281740756, 1.2344622331166355, 1.0303207703102901, 0.6993686885774657, 1.0629941718691704, 0.7124233574285276, 0.7489756027589798, 0.8692703376353843, 0.9402057972014599, 0.888271882800728, 1.2540011160637017, 0.8529878397651961, 0.5560060401448231, 0.753231291390334, 0.7859214855538604, 0.949251902249405, 1.114776106946038, 1.7592765928826606, 1.250574830853198, 1.2220152449940456, 1.2457396640714409, 1.2431207479128201, 1.321052938538299, 1.2424782112840833, 1.4714177475855337, 1.029327304146078, 0.969079568976242, 1.142548652674873, 1.7287848824580725, 1.1267687403714326, 0.6979690741818039, 1.2440268640051069, 0.8801452670632132, 0.898767339794337, 1.1962320808634226, 0.9970338650368344, 1.2804210053251017, 1.2693358277539342, 0.36327182041911865, 0.578390095593944, 1.3744426787787658, 0.4821438514723442, 0.7904283842133869, 0.9719237909872241, 0.689592955595014, 1.0538283604093015, 1.0435791669170738, 0.8716170013916923, 0.8825045193323113, 1.1265924595008754, 1.2256335066226531, 1.0945033356949376, 1.0363179916465657, 1.3672925328145427, 0.8051079684396669, 0.7651444651078314, 1.0200403274762115, 1.2755931197744825, 0.9616906508070272, 1.307902078693277, 0.9096843853640779, 1.1113019690284789, 1.0916251239732433, 1.205800941349157, 0.5210358554087504, 0.8213611650111315, 0.5169268221737668, 1.018640999243259, 0.6852626948468247, 1.2656875060086357, 0.8398752509701934, 1.2716997334381892, 1.2261193404218198, 1.0143955710373103, 1.0638116134854998, 0.716189625494055, 1.7061687445386453, 1.0556167155525749, 0.4132525002940475, 1.5552288659467783, 0.5431070275970165, 0.726970169201512, 0.8675829147609495, 0.9717259525180078, 1.0633753144702707, 0.3832361876599585, 1.1771842014047353, 0.7297137811983443, 0.7308491986629626, 1.0616189524313635, 0.9588234688801358, 0.7955169109854172, 0.8850388213898078, 1.2171370588700778, 1.144986269327692, 0.45360203186766135, 0.42326595385570676, 0.7792049127027552, 0.9645807096471277, 1.1484883494569216, 0.8494851692542299, 0.8954998769208166, 0.7180449164207982, 1.6731475803101863, 0.8726097000931747, 1.4398441544082847, 1.112114059922174, 0.9582885766820535, 0.8803363675986989, 1.0164304733784275, 0.7869263024982882, 0.7691318221657288, 1.4665733358112316, 0.780844375596782, 1.5978294496298373, 0.7517855323761823, 1.5563907433265967, 1.4826419422936827, 1.078004187861778, 0.8874982669258938, 0.9008448663028154, 0.8612278547790772, 0.995184767801681, 1.0496241613231847, 0.9042939366871718, 1.1514058374114764, 0.807320971556606, 1.4200414018335739, 0.9040036609779416, 0.7366333804284768, 1.3670528820643215, 0.6427524585579503, 0.8325063384351427, 0.7673822294074724, 1.2980321133534045, 0.7759029102835326, 0.7733817631630812, 0.9007337692931617, 1.4802558709287397, 1.088321286377824, 0.7293645573489047, 0.962366348537448, 0.8634837651466127, 0.9246405275940378, 0.5369724393987123, 0.5402928320204428, 1.271462214464515, 1.1952636909449426, 1.385536741325972, 0.8836150245352523, 1.1116041041138396, 0.7733385163515532, 1.476209434020304, 1.0153781186348043, 0.714904772684046, 1.077051366656399, 1.2448599162479772, 0.5548151564457704, 1.0678974474632246, 0.6837432469055846, 1.42552261052841, 1.1369563642242253, 1.0463520719622994, 0.7005994659583183, 0.7022738433878646, 1.0746640959156353, 1.0748402386076226, 0.6832416643531465, 1.7363967192628158, 1.18891398582105, 1.0790898806192515, 0.9678824645624428, 0.9558819788234403, 0.9045207378248442, 0.7562793827904243, 1.079681064907363, 0.645650698335512, 0.8272813388003246, 1.1206753859871894, 0.811985826256866, 0.9819720868181732, 0.8661575141392772, 0.9260246554716224, 1.1180495609829384, 1.293089249578727, 0.8285428070836073, 1.1020377863072877, 0.6843440056688516, 1.3739611314429503, 1.0134411068435172, 1.4456974980302368, 1.0420628534804697, 1.1594507566089554, 1.068186342898616, 0.584003480593426, 0.9892955436928459, 1.069543756132027, 0.886363705880066, 0.7127058365049673, 1.5633879923805991, 1.5528954570458442, 1.2934257360458714, 1.136478109006291, 0.7074161654660793, 1.4066324269661143, 0.9481966892527245, 1.2988738105767474, 1.444732855114203, 1.0946081037229705, 1.0844473624046425, 0.9821833860168179, 1.626132993682328, 1.289821351122324, 1.3986551860916734, 0.913408626980908, 0.7666680469208321, 0.5305209335664289, 0.7783280749795136, 0.1347380455257795, 0.8642188924350485, 1.082012266217578, 1.1225687988606348, 1.1168407237145868, 0.962504898626343, 0.8659307620814002, 0.9640206886817337, 0.4889432043580544, 1.3703689528867198, 1.3409314571615565, 1.1316668151115772, 1.0830507695944067, 1.1983215821449158, 0.5978816041376682, 0.8196796448924973, 0.967335333804387, 1.1081902936263652, 1.289635345730713, 0.7192737438205625, 0.9976212360714221, 1.4008539208229096, 0.8086048736867495, 1.3541242062518943, 1.2933009313245578, 1.5530956805651863, 1.2161396434453149, 0.7608688344430684, 1.5118727801827543, 0.9997737285875228, 0.9784129994774274, 0.9919609770577105, 0.6303751187009796, 1.4238774644505132, 0.9947171484073787, 1.0613251322497155, 1.0158363828557202, 1.141299234564727, 1.1982442729495126, 1.2924892066008695, 0.863295965667121, 1.0713285453299648, 1.593320904823902, 1.056140652239652, 0.9793797315103572, 0.657716618061303, 1.0628207011201416, 0.7481431526834244, 0.7301849940401548, 0.9054109523809141, 0.7494645170335785, 0.5652491312832786, 0.4967116258896851, 1.416068699270669, 0.6916866263598367, 1.3406153451661111, 0.44277678080326555, 0.6766913634752433, 1.251816379301661, 0.5075428471237552, 1.3058470008956455, 1.610130550313443, 1.5109612714155984, 0.756521452359378, 1.1745169827916426, 1.4418052844524962, 0.8071136829914227, 1.051752123594147, 0.8578939059410561, 1.0691515573415664, 1.4022481448762636, 0.3573655556743238, 1.0121302838581003, 0.5874013905966472, 0.7587263676865375, 1.2582155908177306, 1.1981266833570685, 0.9824189108355651, 0.6043617381874556, 1.0093424642540276, 0.9393249159939967, 1.0317135888635545, 0.6136708645123519, 0.768984491148061, 1.518855669042729, 0.7148537691220471, 0.919740831299859, 1.3419522753392878, 1.4414911612535923, 0.6655875356556216, 1.2796462286145889, 0.6785854353554579, 1.321710073345075, 1.1280916301225583, 1.408790893154446, 1.171194148293177, 1.0238642250199788, 1.3188865343057903, 1.0916946235228036, 1.1763975503356137, 0.8637173925103946, 0.9629801954545616, 1.1544656463771983, 1.1325883432578332, 1.016213634803591, 1.6495966979941654, 0.876720948747204, 0.9522289833018376, 1.1579144083692239, 1.15301931639283, 1.2843180776403988, 0.8237020844253263, 0.8921676065433088, 0.5487774176373903, 1.3341566176166515, 1.4410150664761494, 0.7724322515052924, 0.6366672812347851, 1.3669937004464336, 1.17195476942433, 1.113260785378441, 1.521412049861631, 1.135219351492675, 0.9930675831628089, 1.0515666427038564, 1.6456131910831249, 0.8552515155150864, 1.0126771108862225, 0.8687550614382344, 0.7629898915041619, 0.8819056583777516, 1.6936245461993842, 1.0722600242268832, 0.9001657991062623, 1.1756556452587938, 0.48961321472232155, 1.0556613038646698, 1.3742392872932356, 1.2094116288831973, 1.178164367735129, 1.147035671220783, 0.2796047291548437, 1.023817370524531, 1.0399762833340083, 1.1132246705640385, 1.1884537068245988, 0.49808931677057144, 0.9022686360080917, 0.8144192611812333, 0.8215035454340083, 1.464294942445675, 0.6164719270425333, 1.083062120779161, 1.1571088346123724, 1.0130766369151103, 1.036872211200931, 1.4451653686688615, 1.2804151177248164, 1.2294576598045899, 0.8159206179752739, 1.7003472424786181, 0.8282495455631865, 1.4161010732361592, 1.3958381116402188, 0.8965448444891266, 1.1861753956439565, 1.012073670924507, 0.9810075692552495, 1.1856699288859094, 1.187056576916809, 0.9123033781645179, 1.332275928753896, 1.169085439840207, 1.3667848807872582, 1.273820153341867, 0.7138471500656516, 0.5701209540829082, 1.1530617254547717, 0.7561084119591862, 0.7678047421650551, 1.1924885793386353, 1.036664025398847, 1.1010324720974465, 0.80744697964753, 0.7731823429034428, 0.6477355670559326, 1.0746307154808443, 1.5434518879569232, 1.0313379569630794, 0.4945991184626929, 1.1373415157806372, 1.2533605387208908, 1.175950220652991, 1.2794944862183049, 1.6665996480879457, 1.1902164282750443, 1.2000565958350329, 0.8210141807830167, 0.7815309908923671, 0.9786606559146505, 0.6739483609599815, 1.1945221521528295, 1.3270806634865986, 0.4581045322785394, 1.107595833834738, 0.8778038838342548, 1.5554933915631306, 1.0493628653719829, 1.3349759732179536, 1.0805181269530324, 0.4157181661761037, 1.0803805093756251, 0.8934549403849411, 1.4229052253601164, 1.3747680669551248, 1.0258576787924922, 1.2542804852761285, 1.3422173960136325, 1.3666823759151259, 1.3441593808803056, 0.544339061643098, 1.1910769344666503, 0.7018643000261957, 1.454346398946392, 1.0909210424994626, 0.8323023237926291, 1.0493028352831797, 0.4982585701119878, 0.6728860434141111, 0.5126733789938811, 1.0372050989120893, 1.0561919038113536, 0.8368489766998652, 1.095554438618554, 1.1833643100303008, 1.1892686267055852, 1.3801478734911676, 1.2353230600100633, 1.5368418034271207, 0.7961755262014394, 1.2868559110104543, 0.9337410596581003, 1.023327545036424, 0.8325344633041343, 0.24664817479751344, 0.9838336810208635, 0.6049904480047466, 0.6372586776695053, 1.379574006190265, 0.9465895672906014, 0.6381531086455303, 1.0127143827080787, 1.2433777701890865, 1.1973583118694078, 1.2052990797687777, 0.8697749848419003, 1.465911953111797, 1.201762512147284, 1.160304577635525, 1.1923842125576434, 0.6367983371917325, 1.1351636534886218, 0.6177897955568116, 1.2114576842027844, 1.2081425051363592, 1.3720172651472418, 1.115986941162295, 0.932858058171669, 1.1746969563301142, 1.0178416279860418, 1.4031107372857459, 1.1916604253550536, 0.5852466211607368, 1.4395975805045618, 1.1131595809918646, 1.3499108049341062, 1.2254069412815034, 0.9449007133682037, 1.2154157804667136, 1.2729998331809258, 0.6135257598313966, 1.6183161160905353, 1.269072247149332, 1.1685893515244445, 1.089852260900879, 1.4469427804856467, 0.5859424219161775, 1.0982829453406948, 1.2688906465799792, 1.3837300416894265, 0.8621569547225326, 0.9492671171089874, 0.5022808572333486, 1.0664125503876325, 1.2772024675623932, 1.2725773185618379, 1.3658552707303089, 1.1683585071361353, 0.9246980327240552, 1.0916378065866252, 0.897916586492211, 0.31385704917395496, 0.3736722602584859, 1.2198975177335907, 0.9393532894982901, 0.585500410362745, 1.3058032332549565, 0.8412929822144033, 1.0224329177561675, 0.7051981361744721]
clients_crash_prob_vec [0.5, 0.5, 0.5, 0.5, 0.5, 0.5, 0.5, 0.5, 0.5, 0.5, 0.5, 0.5, 0.5, 0.5, 0.5, 0.5, 0.5, 0.5, 0.5, 0.5, 0.5, 0.5, 0.5, 0.5, 0.5, 0.5, 0.5, 0.5, 0.5, 0.5, 0.5, 0.5, 0.5, 0.5, 0.5, 0.5, 0.5, 0.5, 0.5, 0.5, 0.5, 0.5, 0.5, 0.5, 0.5, 0.5, 0.5, 0.5, 0.5, 0.5, 0.5, 0.5, 0.5, 0.5, 0.5, 0.5, 0.5, 0.5, 0.5, 0.5, 0.5, 0.5, 0.5, 0.5, 0.5, 0.5, 0.5, 0.5, 0.5, 0.5, 0.5, 0.5, 0.5, 0.5, 0.5, 0.5, 0.5, 0.5, 0.5, 0.5, 0.5, 0.5, 0.5, 0.5, 0.5, 0.5, 0.5, 0.5, 0.5, 0.5, 0.5, 0.5, 0.5, 0.5, 0.5, 0.5, 0.5, 0.5, 0.5, 0.5, 0.5, 0.5, 0.5, 0.5, 0.5, 0.5, 0.5, 0.5, 0.5, 0.5, 0.5, 0.5, 0.5, 0.5, 0.5, 0.5, 0.5, 0.5, 0.5, 0.5, 0.5, 0.5, 0.5, 0.5, 0.5, 0.5, 0.5, 0.5, 0.5, 0.5, 0.5, 0.5, 0.5, 0.5, 0.5, 0.5, 0.5, 0.5, 0.5, 0.5, 0.5, 0.5, 0.5, 0.5, 0.5, 0.5, 0.5, 0.5, 0.5, 0.5, 0.5, 0.5, 0.5, 0.5, 0.5, 0.5, 0.5, 0.5, 0.5, 0.5, 0.5, 0.5, 0.5, 0.5, 0.5, 0.5, 0.5, 0.5, 0.5, 0.5, 0.5, 0.5, 0.5, 0.5, 0.5, 0.5, 0.5, 0.5, 0.5, 0.5, 0.5, 0.5, 0.5, 0.5, 0.5, 0.5, 0.5, 0.5, 0.5, 0.5, 0.5, 0.5, 0.5, 0.5, 0.5, 0.5, 0.5, 0.5, 0.5, 0.5, 0.5, 0.5, 0.5, 0.5, 0.5, 0.5, 0.5, 0.5, 0.5, 0.5, 0.5, 0.5, 0.5, 0.5, 0.5, 0.5, 0.5, 0.5, 0.5, 0.5, 0.5, 0.5, 0.5, 0.5, 0.5, 0.5, 0.5, 0.5, 0.5, 0.5, 0.5, 0.5, 0.5, 0.5, 0.5, 0.5, 0.5, 0.5, 0.5, 0.5, 0.5, 0.5, 0.5, 0.5, 0.5, 0.5, 0.5, 0.5, 0.5, 0.5, 0.5, 0.5, 0.5, 0.5, 0.5, 0.5, 0.5, 0.5, 0.5, 0.5, 0.5, 0.5, 0.5, 0.5, 0.5, 0.5, 0.5, 0.5, 0.5, 0.5, 0.5, 0.5, 0.5, 0.5, 0.5, 0.5, 0.5, 0.5, 0.5, 0.5, 0.5, 0.5, 0.5, 0.5, 0.5, 0.5, 0.5, 0.5, 0.5, 0.5, 0.5, 0.5, 0.5, 0.5, 0.5, 0.5, 0.5, 0.5, 0.5, 0.5, 0.5, 0.5, 0.5, 0.5, 0.5, 0.5, 0.5, 0.5, 0.5, 0.5, 0.5, 0.5, 0.5, 0.5, 0.5, 0.5, 0.5, 0.5, 0.5, 0.5, 0.5, 0.5, 0.5, 0.5, 0.5, 0.5, 0.5, 0.5, 0.5, 0.5, 0.5, 0.5, 0.5, 0.5, 0.5, 0.5, 0.5, 0.5, 0.5, 0.5, 0.5, 0.5, 0.5, 0.5, 0.5, 0.5, 0.5, 0.5, 0.5, 0.5, 0.5, 0.5, 0.5, 0.5, 0.5, 0.5, 0.5, 0.5, 0.5, 0.5, 0.5, 0.5, 0.5, 0.5, 0.5, 0.5, 0.5, 0.5, 0.5, 0.5, 0.5, 0.5, 0.5, 0.5, 0.5, 0.5, 0.5, 0.5, 0.5, 0.5, 0.5, 0.5, 0.5, 0.5, 0.5, 0.5, 0.5, 0.5, 0.5, 0.5, 0.5, 0.5, 0.5, 0.5, 0.5, 0.5, 0.5, 0.5, 0.5, 0.5, 0.5, 0.5, 0.5, 0.5, 0.5, 0.5, 0.5, 0.5, 0.5, 0.5, 0.5, 0.5, 0.5, 0.5, 0.5, 0.5, 0.5, 0.5, 0.5, 0.5, 0.5, 0.5, 0.5, 0.5, 0.5, 0.5, 0.5, 0.5, 0.5, 0.5, 0.5, 0.5, 0.5, 0.5, 0.5, 0.5, 0.5, 0.5, 0.5, 0.5, 0.5, 0.5, 0.5, 0.5, 0.5, 0.5, 0.5, 0.5, 0.5, 0.5, 0.5, 0.5, 0.5, 0.5, 0.5, 0.5, 0.5, 0.5, 0.5, 0.5, 0.5, 0.5, 0.5, 0.5, 0.5, 0.5, 0.5, 0.5, 0.5, 0.5, 0.5, 0.5, 0.5, 0.5, 0.5, 0.5, 0.5, 0.5, 0.5, 0.5, 0.5, 0.5, 0.5, 0.5, 0.5, 0.5, 0.5, 0.5, 0.5, 0.5, 0.5, 0.5, 0.5, 0.5, 0.5, 0.5, 0.5, 0.5, 0.5, 0.5, 0.5, 0.5, 0.5, 0.5, 0.5, 0.5, 0.5, 0.5, 0.5, 0.5, 0.5, 0.5, 0.5, 0.5, 0.5, 0.5, 0.5, 0.5, 0.5, 0.5, 0.5, 0.5, 0.5, 0.5, 0.5, 0.5, 0.5, 0.5, 0.5, 0.5, 0.5, 0.5, 0.5, 0.5, 0.5, 0.5, 0.5, 0.5, 0.5, 0.5, 0.5, 0.5, 0.5, 0.5, 0.5, 0.5, 0.5, 0.5, 0.5, 0.5, 0.5, 0.5, 0.5, 0.5, 0.5, 0.5, 0.5, 0.5, 0.5, 0.5, 0.5, 0.5, 0.5, 0.5, 0.5, 0.5, 0.5, 0.5, 0.5, 0.5, 0.5, 0.5, 0.5, 0.5, 0.5, 0.5, 0.5, 0.5, 0.5, 0.5, 0.5, 0.5, 0.5, 0.5, 0.5, 0.5, 0.5, 0.5, 0.5, 0.5, 0.5, 0.5, 0.5, 0.5, 0.5, 0.5, 0.5, 0.5, 0.5, 0.5]
> Task settings
dataset: tcpdump99, task_type: SVM
in_dim=35, out_dim=1, lr=0.010000
optimizer=SGD, loss_func=svmLoss
Clients futile percent (avg.=0.251):
EUR: 0.149100
SR: 0.300000
VV: 0.000000
Avg. round length: 196.2939868636505
Avg. T_dist: 36.72
Round trace: [1.7687394310833489, 1.4090388933563116, 1.114506023834866, 0.9389512893336222, 0.8130108312200601, 0.7063547144466115, 0.6448967625864674, 0.6030151152476335, 0.5705663345751295, 0.5432152971672672, 0.5298065380390583, 0.5112713238761784, 0.5046428359915224, 0.48326006407533384, 0.48326006407533384, 0.4723097613584735, 0.4687543676129374, 0.4588551138434701, 0.4531547506696488, 0.4481621840009685, 0.4389779506925376, 0.4389779506925376, 0.4389779506925376, 0.4389779506925376, 0.4347885279779278, 0.4341001597822484, 0.4304654707112113, 0.4304654707112113, 0.4304654707112113, 0.4273311336869977, 0.4273311336869977, 0.42491464712242355, 0.42491464712242355, 0.42491464712242355, 0.41994306934883874, 0.4158251307742654, 0.4158251307742654, 0.4158251307742654, 0.4145112282752808, 0.4138596293071498, 0.4138596293071498, 0.40758924613414016, 0.4040123018813765, 0.4025403909903588, 0.40249150488666124, 0.40249150488666124, 0.40144150451427, 0.3971886164446695, 0.39333127141420016, 0.3905572846859157]
accuracy trace: [0.98591937732698, 0.9858427689337644, 0.9857814822191919, 0.9858351080944429, 0.9844638178558843, 0.9844408353379196, 0.9836900730844071, 0.977186020500406, 0.9629291985229902, 0.9585548592703816, 0.94781436254156, 0.9528934990117517, 0.9453628939586621, 0.968092604225719, 0.9588459711646008, 0.9749107512219038, 0.9748418036680099, 0.9811926394655799, 0.9821272618628097, 0.9829929367061455, 0.9849541115724639, 0.9848621815006052, 0.983674751405764, 0.9835828213339053, 0.9852835276632907, 0.9851992584307536, 0.9854903703249728, 0.9852911885026123, 0.9852299017880399, 0.9856359262720824, 0.985245223466683, 0.9856818913080118, 0.9855286745215805, 0.9854137619317572, 0.9857814822191919, 0.985865751451729, 0.9858197864157997, 0.9857738213798704, 0.9858734122910506, 0.9858810731303722, 0.9858427689337644, 0.9859270381663015, 0.9859576815235878, 0.9859653423629092, 0.9859500206842662, 0.9859500206842662, 0.9859576815235878, 0.985988324880874, 0.9860113073988386, 0.9860113073988386]
> Pick&crash traces
Extra args(SAFA only): None
Best loss = 0.390557 at round #49
Best accuracy: 0.9860113073988386
time trace: [154.85932627259467, 377.3896853316175, 535.1290116042122, 760.8064504132484, 987.6568094722713, 1150.4477716828235, 1380.1781307418462, 1509.8947733106704, 1640.0424133251609, 1785.6969627199899, 2020.9229813084864, 2168.4514944860116, 2301.881544157587, 2541.1659196272976, 2689.015350901076, 2866.7063256119404, 3045.586044041398, 3290.630419511109, 3438.8423829152616, 3597.398430811589, 3782.0381492410465, 3942.897692322193, 4096.869655726346, 4351.080014785369, 4541.230976995921, 4727.956344428786, 4920.741013353293, 5115.211975563845, 5376.357994152342, 5638.682369622053, 5902.972728681076, 6076.9218561420685, 6344.359294951105, 6524.573844345934, 6724.1011140111395, 6930.340832440597, 7138.525601375105, 7323.341402241973, 7509.137559792054, 7694.395297577319, 7883.997038244765, 8099.128012955629, 8293.337759037828, 8505.983126470694, 8697.032557744471, 8912.717287727137, 9101.769743304092, 9298.33802191295, 9523.048984123501, 9814.699343182525]


> Exp stats. at 07/12/24-17:22
> Env settings
Mode: FedCS_Nishio
n_clients=600, selected_clients=180, picked_clients=180
rounds=50, n_local_epochs=5, batch_size=100, lag_tol=2
data_dist=('N', 0.3), perf_dist=('N', 0.3), crash_dist=('E', 0.7)
> Env details
client_shard_sizes [520 350 414 455 546 571 544 397 407 414 736 207 497 474 670 408 575 483
 501 411 444 457 834 193 631 174 398 648 591 794 464 380 438 491 418 348
 484 498 551 536 507 420 390 563 461 485 370 504 681 424 551 538 423 323
 327 691 304 435 438 353 338 373 155 154 268 478 530 230 338 477 325 611
 430 434 477 614 420 300 376 478 408 553 440 620 460 428 531 387 408 301
 271 394 388 315 478 458 358 574 453 642 524 428 432 418 280 248 450 224
 327 473 275 436 318 437 504 515 534 474 495 443 560 418 371 406 542 150
 195 624 212 414 393 663 368 322 152 571 531 580 451 468 390 527 455 207
 385 373 384 435 260 320 357 380 185 207 314 487 318 521 337 292 414 208
 210 513 411 608 157 267 427 185 595 365 320 478 450 545 310 447 357 554
 561 447 354 596 457 497 276 354 788 227 528 681 380 594 384 510 598 270
 481 490 404 598 565 461 374 230 394 544 335 444 446 301 668 304 323 527
 457 431 607 365 458 420 446 474 443 413 262 590 517 405 551 398 501 671
 298 593 310 581 694 503 738 272 624 381 472 508 427 487 528 444 257 487
 681 660 564 370 531 425 301 191 381 374 395 404 238 245 587 268 387 304
 492 453 370 637 515 494 366 507 298 488 504 473 408 297 341 204 471 541
 611 514 263 351 552 178 188 384 436 546 527 752 330 300 482 350 696 151
 381 517 490 481 563 375 301 544 500 350 555 306 340 351 424 437 461 328
 278 397 540 511 361 460 735 641 581 358 525 555 448 661 224 481 387 514
 438 261 371 687 475 461 462 294 290 497 204 255 441 545 757 754 606 370
 417 434 308 373 218 353 162 388 614 408 371 540 630 196 323 344 562 524
 555 352 457 367 464 460 328 483 268 287 155 305 364 473 425 523 418 388
 484 344 507 406 520 315 531 651 173 152 304 400 441 591 554 265 565 350
 370 327 448 400 497 241 594 390 461 340 374 747 290 413 451 474 390 460
 535 507 515 531 580 337 204 274 530 411 341 348 374 564 331 317 514 347
 361 160 475 700 667 512 327 481 426 617 504 551 604 470 374 287 447 581
 457 473 354 590 380 583 290 451 251 445 433 477 614 568 437 550 437 366
 355 438 531 486 652 241 557 320 284 427 385 537 390 414 444 501 534 241
 524 496 275 384 591 486 340 468 388 533 408 502 364 447 318 335 390 328
 331 325 594 354 607 532 551 267 458 581 467 353 541 414 301 410 385 344
 148 612 524 208 481 325 433 350 445 665 580 418 393 393 210 388 435 381
 370 504 657 650 401 501 714 683 428 291 240 357 342 458 400 603 304 334
 444 453 350 661 577 418 450 284 565 454 397 463 320 370 335 312 295 646
 542 331 512 490 508 916]
clients_perf_vec [0.5754429579805331, 0.670783165102847, 1.0016095121708288, 1.0192202332134406, 1.3146379558209185, 1.0083698554209555, 0.6164740570748961, 1.1293542896533566, 0.731834851252582, 1.508028230087159, 1.5308845478918105, 1.2292681103129417, 0.9686310865953102, 1.2397344995875754, 1.417291864120705, 1.1537120727629788, 0.9596115516077236, 1.0598864733358484, 0.7881135627053673, 1.2479674379496821, 1.0504250117682414, 0.8517743718725637, 0.642637809894046, 0.9198361531687278, 1.0347719984847936, 0.7965989554300154, 0.5327991254775342, 1.0398220433570617, 1.1577482354919808, 0.7472758152455719, 0.7088251874543259, 1.2144018069383744, 0.5229884846943114, 0.8373618901053822, 1.2961502586113878, 1.0693607919694874, 1.464162466728632, 1.6755080039663457, 0.9662960918211677, 0.6579704855554809, 1.315926050375018, 1.2246854597020922, 1.0350263874138006, 1.1063099667096175, 1.0737111495678768, 1.185064061681074, 1.1973550283960959, 1.2408404210958572, 1.2145306728083167, 1.5200005485212797, 0.7006746920957541, 1.19908348877119, 1.443102701156701, 1.4084806104164702, 0.7438407120402873, 0.9165289338104451, 0.6242667674542002, 1.3839911685547368, 1.1214346619497333, 1.3647787433054293, 1.062471845075439, 0.8373618307020655, 0.7695708081051328, 1.225152655474291, 1.0066461393195263, 0.5442579633328755, 0.7721728487727361, 0.8673845839040581, 1.1624616836728165, 0.5278375772207051, 0.8158465281057369, 1.134944400333059, 0.9935635543679738, 1.3100883869777213, 0.9557551125809911, 1.2070935360147108, 1.3449735362092405, 0.8714496058065556, 0.898808523270018, 1.0983841698647878, 0.5908887237021135, 1.0508109764379712, 1.2979082883187891, 1.5132740048280493, 1.3193007698530468, 1.5163671141547839, 1.3484889447137494, 1.4960122241245393, 0.9242908332565505, 0.4651430344250638, 0.9869753763064102, 1.2750596238519494, 0.6479070454515019, 0.9818015120782574, 0.9783147024884511, 0.7843258455532711, 1.478857545235892, 1.240582828442473, 0.798466797984146, 1.1618658723817508, 0.8759220224431865, 1.5523458558789849, 0.803385846786337, 0.8631425443547456, 1.0860644966509592, 1.1714251914637377, 0.9645406665207369, 0.8069805918160433, 1.4936898550442572, 1.1564671422660868, 0.8276073663235018, 0.5224950091952836, 0.4676991884451195, 0.9630591882442567, 0.6077537235346082, 1.4257899841999855, 1.2412400566335733, 1.5651225619369336, 1.7423182348118225, 1.1220663975841088, 1.500984170830494, 1.0333123066430718, 1.3199124888414424, 1.131157804147273, 1.301453675685274, 1.4333001023793779, 1.2854521828690968, 0.24082585857741434, 1.3562662289830658, 0.9222214985137003, 1.366393476680241, 1.2780800855285217, 1.2011286515487376, 1.005226730605433, 1.342445005279346, 0.7991401691057279, 1.3109524943591995, 0.7064888733398472, 0.5105042196419507, 1.0028727815550127, 0.8669546266362691, 1.1180326699669225, 0.5772989213278876, 1.188553296535249, 1.2045105093778918, 1.0637513172132325, 0.9583240901705438, 0.6454024984469049, 0.9126725806559478, 1.0034739514247206, 1.2306392727438071, 1.05616292599963, 0.8433543291982019, 1.2033550456096505, 1.3146771296656923, 0.542824917408654, 1.1898839443450384, 0.8140621975125206, 0.5161333877275933, 1.4624785940953422, 0.9321349678161311, 1.2588968191874588, 1.0596771198337198, 0.8211002389148508, 1.1479758901073325, 1.0321392915391345, 1.0112813748173226, 0.5103450993778288, 1.2167238737551451, 1.0736366981547387, 0.8670472458130637, 0.5337451276948146, 0.518858587273464, 1.412293102711433, 0.5357447782217464, 1.4117434486770375, 1.0075814494423623, 1.1812263828643454, 1.4375109198619815, 0.5490005049084332, 1.0277684366414412, 1.1210089336716116, 1.0045794884884414, 1.3618737709684945, 1.178018629182238, 1.1060013715731547, 1.4587357924965856, 1.097105912950429, 1.7974047730498186, 0.7318869064675653, 0.9463559119515716, 0.7978556085286033, 1.333586316239421, 1.2465564478017739, 0.6022574795279234, 1.5217241672605772, 1.2099944289775688, 0.9585505411641848, 0.8853341659643247, 1.243536402913547, 1.0138026662852846, 0.9457919450297854, 1.1243997884806523, 1.1523777392618697, 1.1502629321146691, 1.0564717432509554, 0.7394125158894278, 1.107843135370858, 1.2096835343909862, 0.8340465686361712, 1.5657727891884528, 0.7212441925282469, 1.0475146324816624, 1.3376959644477826, 1.139444010745876, 1.0365657721338164, 1.5184332290728677, 0.8216308827162087, 1.241254733843043, 1.024129430715903, 1.1238108699994733, 1.1244123757670166, 1.155353144295401, 1.009276156664339, 0.9858454843809836, 1.2570663408749674, 1.3154533426996509, 1.0058573019209314, 0.9578273167430498, 0.6651050434721231, 0.594997632669442, 1.5492673894228504, 0.8408269085480994, 1.1756160262576576, 1.1004409910242907, 1.1403225677658673, 1.1903417215408687, 0.9135441229057184, 1.6412788030487566, 1.5322792059864412, 1.314511649843146, 0.7327630202557693, 1.054174679908902, 1.0156097301842328, 0.3768715674151608, 1.0521396221352781, 1.202835330574974, 1.2064979941105454, 1.5527083376168482, 0.693685270742874, 0.6694269777402109, 1.0290520332867232, 1.3831293704764143, 0.8177430861678454, 0.952790126998314, 1.1460968145138144, 0.6721750526404926, 1.2023675310335171, 0.9421080018691337, 1.0735167302865136, 0.876295914063164, 0.5094713166603859, 0.8405953389193418, 0.7962918027201572, 0.7275983460358361, 1.1902920332561926, 1.0808283265198302, 1.0854142991081916, 1.1625986350284108, 1.7243626225819682, 1.1130926981399598, 1.5222641594089215, 0.9006550033669445, 1.2847876285206645, 1.0660989325684902, 0.422837712363642, 0.8920860348981043, 0.5368397339011439, 0.7300057186605298, 1.2448139889437884, 1.815190033185996, 0.6875038592724254, 0.7948350874388015, 1.1800478039749571, 1.0596993950677902, 1.158520173730393, 0.3380818350577163, 1.1100763894226955, 0.8728033366322019, 1.0388713038881294, 1.4906701941181302, 0.9366324017985143, 1.0817069487509676, 1.3858954571439506, 1.237975357445489, 1.3689815429236711, 0.6980923142278109, 1.4479284236342247, 1.2627495611445265, 1.1969810704605464, 1.4369667539307538, 1.2380867781309193, 1.0071136147603155, 0.42202690611382054, 0.32375449380178833, 1.2444487092500476, 1.4681246195524253, 0.47715025475019557, 1.102809116630842, 0.5658133817192561, 0.615943925172082, 0.6334591154864799, 1.191427049089671, 0.9873645715780273, 0.8561051857591797, 1.2908450165800003, 0.6874896246427258, 0.8753661272474995, 0.9130485532023793, 0.6998614129028627, 0.9925311694206532, 0.8203374760028873, 1.115876323579604, 1.1902010788915798, 0.979327667045051, 1.158867209954095, 1.5845025463865057, 0.9803979554709559, 1.397055901420551, 0.5353808286063275, 1.0589701523341142, 0.77662427040375, 0.7041944609511505, 0.490274974218759, 0.9971691945992787, 1.3923576204379575, 1.5242370168798538, 0.7017083836314786, 1.31028956300393, 1.4348436767464463, 0.22909600155878218, 1.0759252257517287, 1.0078613783655712, 1.3604217164672212, 1.1216260286794846, 1.2915573274086567, 0.7833098114825339, 0.8995589315396947, 0.7410402918770663, 1.263668930794098, 1.2312133409938926, 0.9166337211705197, 0.7173269717422568, 1.1503494789590771, 1.7374377580231486, 0.9159847078811083, 0.7618704190159962, 1.1835280658661247, 1.0430873914845986, 1.0205910359492198, 0.8588810927518444, 1.0217019243154093, 1.1964541610092567, 1.2905002146629878, 1.2630738051447958, 0.4243487215403473, 1.4235769764372619, 0.7279920788444609, 1.040159317897901, 1.1129594766097937, 0.7304404526474659, 0.785551810998653, 1.1075535493440096, 0.7932551495064243, 1.2795745974166826, 0.9310504916706273, 0.7075303558543495, 1.3141332057819997, 0.8502415668340603, 1.0526004078631725, 0.4792621127374085, 0.7659062113829818, 0.8369367435107796, 1.1272424777073926, 0.7060828307738609, 1.2359108127144574, 1.3255419747969366, 0.8899134179804612, 1.0429992165514905, 1.166890512227616, 1.1989084626933386, 1.0344620306765384, 0.9871878068619762, 1.0890981727242757, 1.2264331246276126, 0.6351529927985546, 0.6015309028685267, 1.2222245615583596, 0.9965259501508231, 1.226078173541949, 1.6915413006640807, 1.0628786501433025, 0.6884678044876424, 1.031665840067072, 0.892528659619394, 0.8724637236648767, 0.37811666376207265, 0.7211703234611035, 1.0016325665304082, 1.0142325919503241, 1.0704732614317294, 0.6250409250361877, 1.072184331557088, 0.2671402131945937, 0.8965111244578843, 0.7099211738970614, 1.3070561651572736, 1.2066496703792178, 0.5819817188991561, 0.6483962502953995, 1.2812909662531804, 0.9660783949848093, 1.3581162055692975, 0.7727662471842953, 0.952738714200518, 1.459511585159428, 0.9147840599380459, 1.0824251197095662, 1.5574717877753081, 0.8031627694785726, 1.2738979796271725, 1.2059095157748598, 0.6389142685897093, 0.6458028057788829, 0.9918359261327517, 1.0734193540240293, 0.6965211578433227, 0.9947384634711898, 0.8239987433532394, 0.6298752081132739, 1.0145193799214447, 1.241092919475535, 0.9576850503868665, 1.1110305175756674, 0.7553001601387155, 1.3730330519236458, 1.3428052661377858, 1.2330531261011566, 1.0315067552470463, 0.8887469163400112, 0.835700471045321, 0.8751892348697082, 1.218619388081854, 1.0675507658809513, 1.1505103807080141, 0.6772640396109153, 0.8515848528705878, 0.7163618361352577, 1.2135930403548691, 1.4186758584690733, 1.1238110508535317, 1.4581300024322101, 1.179225414906653, 0.7591380705448518, 1.624564924072151, 0.9132981893820382, 1.0496063295120153, 1.7793141278848623, 0.5388163646496085, 1.156081514581818, 1.4959436333083946, 1.2379559859617308, 1.3231089509790914, 0.8146223208556636, 0.532104448986671, 1.072624976281761, 1.0326337610031473, 1.00630147517971, 0.9596492308363141, 1.092226168069587, 0.9907108155281251, 0.7824073190375919, 0.6195245276129548, 0.7700558920504548, 1.1941332170967112, 1.2821448177431474, 1.5100986727996133, 0.3541113647466406, 0.8612206208956652, 1.2385870893641888, 1.1982265650243882, 0.9485484780216558, 0.9409374191671922, 1.1926939222194435, 1.3689286805643905, 0.9891547217789626, 0.869680549635917, 1.1477819568562468, 1.421114531577271, 1.003918831962008, 0.585534934643522, 0.841392450209538, 0.9878681980292887, 1.3920900759450254, 0.488897201452405, 1.3371173252027586, 1.2224858581046505, 0.9664597897032853, 1.3763846163701239, 0.8824905957696967, 0.8791478723182031, 0.5176455088015685, 0.6732637203337213, 0.6770939366703685, 0.8821553951329004, 1.1746605579193508, 0.9476618707622834, 0.888258869450139, 1.0643640386716497, 1.647923175892004, 1.5396719145404734, 0.9791310795820921, 0.9481843963453453, 1.0165133225541816, 0.7289975769064305, 1.5120318111063107, 0.604954178335078, 1.3100859184000748, 0.4356885031922524, 0.8021351002340107, 1.3134040923943129, 0.9616057939564935, 1.327668089055077, 1.2261328755294811, 0.7372956274430313, 1.3578685018882128, 0.6471729045893133, 1.1906135285021064, 0.6571143030493936, 1.0140610795133016, 1.1254915327936859, 1.2731684511221322, 0.9893949636808592, 0.43745979819812664, 0.6628401984691321, 0.5988881197520687, 1.2897432004055895, 1.1831083885849272, 1.4766167785409277, 0.323077701087367, 1.0823138823123386, 1.4926977908803223, 0.6907693059355107, 0.6159846022190819, 1.0926428363164615, 1.4460609960440562, 1.1893768236648126, 1.5674009394750303, 1.2244309248640404, 0.7720053107973693, 0.416452943323405, 1.5944736683251426, 0.8469102812367773, 0.7676601674697289, 0.8504969260163683, 0.8552110135806879, 1.4265911037934869, 0.7806819113148661, 1.2173256317231973, 0.7013553926391036, 1.157927263482022, 1.2358457297637817, 1.2779700181529272, 1.2149569790702373, 0.8882078740429159, 0.4442784104634624, 1.0685130186129768, 1.1362874464811505, 0.8218059702702963, 0.9647149410992049, 1.3005323143706744, 0.8592188488591794, 0.8821417584016794, 0.6010175961445834, 1.0462072919536527, 1.1048719830440858, 1.2552804029514828, 1.0263485558830203, 0.9806966008994809, 0.8308310539024006, 1.185827044515908, 0.35350390321359904, 0.4152391527541517, 1.0099385517528718, 0.8506166440725672, 1.2157173719488337, 1.6064780254002842, 1.2181148401632804, 1.1481266597335387, 0.8172601543094256]
clients_crash_prob_vec [0.7, 0.7, 0.7, 0.7, 0.7, 0.7, 0.7, 0.7, 0.7, 0.7, 0.7, 0.7, 0.7, 0.7, 0.7, 0.7, 0.7, 0.7, 0.7, 0.7, 0.7, 0.7, 0.7, 0.7, 0.7, 0.7, 0.7, 0.7, 0.7, 0.7, 0.7, 0.7, 0.7, 0.7, 0.7, 0.7, 0.7, 0.7, 0.7, 0.7, 0.7, 0.7, 0.7, 0.7, 0.7, 0.7, 0.7, 0.7, 0.7, 0.7, 0.7, 0.7, 0.7, 0.7, 0.7, 0.7, 0.7, 0.7, 0.7, 0.7, 0.7, 0.7, 0.7, 0.7, 0.7, 0.7, 0.7, 0.7, 0.7, 0.7, 0.7, 0.7, 0.7, 0.7, 0.7, 0.7, 0.7, 0.7, 0.7, 0.7, 0.7, 0.7, 0.7, 0.7, 0.7, 0.7, 0.7, 0.7, 0.7, 0.7, 0.7, 0.7, 0.7, 0.7, 0.7, 0.7, 0.7, 0.7, 0.7, 0.7, 0.7, 0.7, 0.7, 0.7, 0.7, 0.7, 0.7, 0.7, 0.7, 0.7, 0.7, 0.7, 0.7, 0.7, 0.7, 0.7, 0.7, 0.7, 0.7, 0.7, 0.7, 0.7, 0.7, 0.7, 0.7, 0.7, 0.7, 0.7, 0.7, 0.7, 0.7, 0.7, 0.7, 0.7, 0.7, 0.7, 0.7, 0.7, 0.7, 0.7, 0.7, 0.7, 0.7, 0.7, 0.7, 0.7, 0.7, 0.7, 0.7, 0.7, 0.7, 0.7, 0.7, 0.7, 0.7, 0.7, 0.7, 0.7, 0.7, 0.7, 0.7, 0.7, 0.7, 0.7, 0.7, 0.7, 0.7, 0.7, 0.7, 0.7, 0.7, 0.7, 0.7, 0.7, 0.7, 0.7, 0.7, 0.7, 0.7, 0.7, 0.7, 0.7, 0.7, 0.7, 0.7, 0.7, 0.7, 0.7, 0.7, 0.7, 0.7, 0.7, 0.7, 0.7, 0.7, 0.7, 0.7, 0.7, 0.7, 0.7, 0.7, 0.7, 0.7, 0.7, 0.7, 0.7, 0.7, 0.7, 0.7, 0.7, 0.7, 0.7, 0.7, 0.7, 0.7, 0.7, 0.7, 0.7, 0.7, 0.7, 0.7, 0.7, 0.7, 0.7, 0.7, 0.7, 0.7, 0.7, 0.7, 0.7, 0.7, 0.7, 0.7, 0.7, 0.7, 0.7, 0.7, 0.7, 0.7, 0.7, 0.7, 0.7, 0.7, 0.7, 0.7, 0.7, 0.7, 0.7, 0.7, 0.7, 0.7, 0.7, 0.7, 0.7, 0.7, 0.7, 0.7, 0.7, 0.7, 0.7, 0.7, 0.7, 0.7, 0.7, 0.7, 0.7, 0.7, 0.7, 0.7, 0.7, 0.7, 0.7, 0.7, 0.7, 0.7, 0.7, 0.7, 0.7, 0.7, 0.7, 0.7, 0.7, 0.7, 0.7, 0.7, 0.7, 0.7, 0.7, 0.7, 0.7, 0.7, 0.7, 0.7, 0.7, 0.7, 0.7, 0.7, 0.7, 0.7, 0.7, 0.7, 0.7, 0.7, 0.7, 0.7, 0.7, 0.7, 0.7, 0.7, 0.7, 0.7, 0.7, 0.7, 0.7, 0.7, 0.7, 0.7, 0.7, 0.7, 0.7, 0.7, 0.7, 0.7, 0.7, 0.7, 0.7, 0.7, 0.7, 0.7, 0.7, 0.7, 0.7, 0.7, 0.7, 0.7, 0.7, 0.7, 0.7, 0.7, 0.7, 0.7, 0.7, 0.7, 0.7, 0.7, 0.7, 0.7, 0.7, 0.7, 0.7, 0.7, 0.7, 0.7, 0.7, 0.7, 0.7, 0.7, 0.7, 0.7, 0.7, 0.7, 0.7, 0.7, 0.7, 0.7, 0.7, 0.7, 0.7, 0.7, 0.7, 0.7, 0.7, 0.7, 0.7, 0.7, 0.7, 0.7, 0.7, 0.7, 0.7, 0.7, 0.7, 0.7, 0.7, 0.7, 0.7, 0.7, 0.7, 0.7, 0.7, 0.7, 0.7, 0.7, 0.7, 0.7, 0.7, 0.7, 0.7, 0.7, 0.7, 0.7, 0.7, 0.7, 0.7, 0.7, 0.7, 0.7, 0.7, 0.7, 0.7, 0.7, 0.7, 0.7, 0.7, 0.7, 0.7, 0.7, 0.7, 0.7, 0.7, 0.7, 0.7, 0.7, 0.7, 0.7, 0.7, 0.7, 0.7, 0.7, 0.7, 0.7, 0.7, 0.7, 0.7, 0.7, 0.7, 0.7, 0.7, 0.7, 0.7, 0.7, 0.7, 0.7, 0.7, 0.7, 0.7, 0.7, 0.7, 0.7, 0.7, 0.7, 0.7, 0.7, 0.7, 0.7, 0.7, 0.7, 0.7, 0.7, 0.7, 0.7, 0.7, 0.7, 0.7, 0.7, 0.7, 0.7, 0.7, 0.7, 0.7, 0.7, 0.7, 0.7, 0.7, 0.7, 0.7, 0.7, 0.7, 0.7, 0.7, 0.7, 0.7, 0.7, 0.7, 0.7, 0.7, 0.7, 0.7, 0.7, 0.7, 0.7, 0.7, 0.7, 0.7, 0.7, 0.7, 0.7, 0.7, 0.7, 0.7, 0.7, 0.7, 0.7, 0.7, 0.7, 0.7, 0.7, 0.7, 0.7, 0.7, 0.7, 0.7, 0.7, 0.7, 0.7, 0.7, 0.7, 0.7, 0.7, 0.7, 0.7, 0.7, 0.7, 0.7, 0.7, 0.7, 0.7, 0.7, 0.7, 0.7, 0.7, 0.7, 0.7, 0.7, 0.7, 0.7, 0.7, 0.7, 0.7, 0.7, 0.7, 0.7, 0.7, 0.7, 0.7, 0.7, 0.7, 0.7, 0.7, 0.7, 0.7, 0.7, 0.7, 0.7, 0.7, 0.7, 0.7, 0.7, 0.7, 0.7, 0.7, 0.7, 0.7, 0.7, 0.7, 0.7, 0.7, 0.7, 0.7, 0.7, 0.7, 0.7, 0.7, 0.7, 0.7, 0.7, 0.7, 0.7, 0.7, 0.7, 0.7, 0.7, 0.7, 0.7, 0.7, 0.7, 0.7, 0.7, 0.7, 0.7, 0.7, 0.7, 0.7, 0.7, 0.7, 0.7, 0.7, 0.7, 0.7, 0.7]
> Task settings
dataset: tcpdump99, task_type: SVM
in_dim=35, out_dim=1, lr=0.010000
optimizer=SGD, loss_func=svmLoss
Clients futile percent (avg.=0.349):
EUR: 0.089767
SR: 0.300000
VV: 0.000000
Avg. round length: 201.19340969972802
Avg. T_dist: 36.72
Round trace: [1.8980468245094315, 1.4691090685263644, 1.1737891931459137, 0.9121667993888256, 0.7937987615602683, 0.7277847409366935, 0.6354983856089503, 0.5868000769510082, 0.5542755610829201, 0.5433871467396556, 0.5156966775037773, 0.49189191370477, 0.48314447797128285, 0.46587913628029354, 0.46587913628029354, 0.4592060787750278, 0.45445657831328806, 0.45228880389310644, 0.43775969885244076, 0.42751872474784697, 0.4230201815825338, 0.4224646890707347, 0.4224646890707347, 0.4223837701118807, 0.42016093687670464, 0.41905341601067014, 0.41905341601067014, 0.41289864336994536, 0.4098086985712626, 0.4047358516446347, 0.39778305373384726, 0.39778305373384726, 0.39778305373384726, 0.39122636745223527, 0.3876789467631589, 0.3853045041153696, 0.3853045041153696, 0.3853045041153696, 0.3816815057236376, 0.3765756159585559, 0.373323855342451, 0.373323855342451, 0.37193432967559126, 0.3646370988772843, 0.35812177485013785, 0.35403090737165194, 0.35403090737165194, 0.35403090737165194, 0.35225521145729904, 0.35225521145729904]
accuracy trace: [0.8270182481192639, 0.9845557479277429, 0.983659429727121, 0.9857431780225842, 0.9839198982640538, 0.9635420656687147, 0.9785879540962508, 0.972336709209861, 0.9755389400462715, 0.9451943554935879, 0.9580109396785512, 0.9675180412766022, 0.9701227266459314, 0.981897436683163, 0.9778142093247736, 0.9821579052200959, 0.9825026429895659, 0.98257159054346, 0.9853524752171848, 0.9857814822191919, 0.9858351080944429, 0.9858274472551213, 0.9857508388619057, 0.9857891430585135, 0.9858351080944429, 0.9858121255764781, 0.985712534665298, 0.9859040556483368, 0.985934699005623, 0.9859500206842662, 0.985988324880874, 0.9859500206842662, 0.985988324880874, 0.9860036465595171, 0.9860036465595171, 0.9859959857201955, 0.9860036465595171, 0.9859959857201955, 0.9860036465595171, 0.9860113073988386, 0.9860189682381602, 0.9860036465595171, 0.9860113073988386, 0.9860266290774817, 0.9860266290774817, 0.9860342899168033, 0.9860266290774817, 0.9860266290774817, 0.9860342899168033, 0.9860342899168033]
> Pick&crash traces
Extra args(SAFA only): None
Best loss = 0.352255 at round #48
Best accuracy: 0.9860342899168033
time trace: [127.04943259245002, 321.2120216444, 504.78431833779706, 701.4482055795523, 887.3222001679297, 1046.9293165321328, 1247.539120278452, 1438.311416971849, 1641.8012207181682, 1836.6370193939313, 1980.0428758669748, 2148.479853632355, 2296.0458217192286, 2438.3173567395584, 2591.1462332942797, 2794.6220319700424, 3009.6318357163614, 3225.3469935620046, 3431.959290255402, 3650.1937237665816, 3869.5117272806124, 4027.306457625034, 4249.152249248392, 4472.43804087175, 4658.29977772232, 4884.817781236351, 5073.380729557993, 5302.42652118135, 5522.8605157697275, 5744.164904525341, 5966.909293280954, 6201.715084904312, 6428.48738159771, 6605.85765780588, 6834.931652394257, 7075.1493757962435, 7251.79771368848, 7435.363681775354, 7619.503961423497, 7856.3562581168935, 8095.235753870772, 8343.409482744713, 8534.175450831588, 8784.893113029902, 8968.355352691999, 9221.292403825077, 9468.811899578955, 9669.160776133678, 9858.383015795775, 10059.670484986402]
