

> Exp stats. at 07/10/24-23:19
> Env settings
Mode: Primal FedAvg
n_clients=600, selected_clients=180, picked_clients=180
rounds=100, n_local_epochs=5, batch_size=100, lag_tol=2
data_dist=('N', 0.3), perf_dist=('X', None), crash_dist=('E', 0.7)
> Env details
client_shard_sizes [ 528  587  520  190  410  397  327  562  456  545  398  591  441  181
  433  373  627  237  274  421  333  344  616  305  436  376  281  280
  450  322  467  767  317  362  610  382  327  331  764  403  257  404
  600  452  457  714  320  573  401  274  367  301  615  407  320  474
  400  557  451  480  565  406  418  517  673  407  555  384  505  482
  724  408  411  273  634  463  400  310  442  465  511  405  585  438
  388  337  246  673  514  431  564  635  553  323  515  264  431  366
  555  237  655  431  426  316  488  313  448  641  298  521  301  375
  615  531  244  281  603  214  304  477  277  523  347  571  361  477
  527  316  696  388  554  516  500  548  513  455  543  491  611  530
  611  541  307  401  467  594  300  600  245  406  397  740  391  601
  381  173  461  277  191  410  523  457  354  548  361  421  393  573
  464  490  615  598  416  353  517  512  170  467  520  306  423  247
  395  492  455  400  460  497  371  414  695  356  338  451  543  394
  341  368  492  415  563  515  444  494  507  200  440  375  231  431
  535  397  254  477  268  750  315  295  380  200  495  408  304  194
  508  343  388  550  515  388  412  457  458  308  463  405  295  333
  245  688  557  538  292  543  388  478  476  360  493  484  520  418
  595  240  504  353  527  437  297  294  478  477  273  283  584  528
  414  530  271  347  550  384  532  360  577  315  371  521  401  421
  402  522  267  270  352  377  337  415  935  296  457  360  410  303
  250  443  255  361  440  588  474  510  398  395  711  390  318  556
  322  213  384  396  405  454  311  313  694  353  474  376  520  428
  450  368  362  405  474  368  371  343  398  298  273  503  474  551
  247  197  715  390  424  496  462  643  414  335  470  322  613  340
  584  328  142  508  432  364  406  355  337  523  731  404  277  551
  530  588  361  597  161  444  496  607  424  284  444  307  565  164
  360  627  333  510  424  368  432  201  507  315  353  634  595  621
  213  144  455  305  345  481  441  614  521  288  418  605  438  568
  661  347  607  434  207  460  677  353  297  374  478  487  372  361
  631  634  475  584  474  648  615  591  570  325  653  701  414  394
  305  407  532  392  487  285  582  564  278  623  598  455  328  355
  384  632  293  405  308  410  343  493  285  397  591  664  541  358
  437  463  368  530  408  361  347  251  343  442  463  517  404  250
  284  401  411  204  461  424  640  354  530  442  491  378  391  342
  444  471  473  537  480  548  471  401  604  434  482  703  438  268
  405  708  313  627  644  354  338  288  311  487  377  571  422  161
  228  444  421  454  276  600  317  381  676  604  813  270  637  630
  276  331  160  411  724  425  337  472  463  500  322  505  434  727
  374  311  488  598  376  484  543  514  448  164  434  354  561  303
  727  180  441  576  318  300  134  348  497  207  424  431  300  624
  415  241  501  360  251  305  387  507  404  174  583  438  637  597
  601  321  372  471  488  400  244  348  467  294  267 1139]
clients_perf_vec [2.347857  3.590392  7.956157  3.05067   4.893614  7.432991  6.494626
 4.381858  1.079481  3.812335  2.857375  6.14604   0.9033143 3.768265
 2.570697  1.067631  4.378217  7.260439  1.303899  1.033051  2.513416
 5.330372  8.682666  3.497287  0.781122  5.308064  3.84348   7.667487
 4.605974  7.220724  3.048477  5.14189   2.876099  3.982592  3.097508
 1.503125  7.305533  3.860507  2.033277  1.177974  2.018974  4.217055
 3.273263  6.801374  4.397047  1.450695  2.91657   2.542378  2.976827
 1.990381  4.132829  2.023844  0.8000241 1.724696  4.697676  1.322651
 3.624594  3.061258  1.13667   0.8470321 3.084758  4.439909  2.944582
 5.053976  4.136998  1.435164  1.615739  8.498184  2.397491  1.709683
 3.185916  7.886845  1.746806  4.758165  4.642489  4.175071  1.83958
 5.977651  2.053205  4.601833  0.6677444 2.565235  2.646728  1.295823
 2.649147  5.122649  0.9745862 2.651124  3.411022  1.971628  4.409367
 4.383474  0.8310831 4.908763  8.31921   4.293591  4.103023  3.631785
 7.168988  7.502492  1.062897  2.414147  5.404681  5.737744  1.953432
 4.512917  2.919365  4.431653  4.087198  3.814812  4.697275  4.293863
 1.277972  6.823855  6.623761  1.516292  3.470544  4.099743  3.278348
 6.98953   4.709412  2.463888  3.468468  3.952629  0.8594007 5.579659
 5.334625  5.544524  1.726712  6.145977  3.75186   3.042982  5.593807
 1.780144  1.944327  2.980512  2.973253  2.705331  7.6277    1.793432
 5.35385   8.260369  6.977123  6.708087  2.671746  3.641291  4.961281
 4.282446  4.32548   1.546612  0.9665811 2.019514  1.434109  5.219484
 3.515444  3.833454  3.592613  3.327813  2.490821  4.055885  4.476604
 1.615941  5.525939  3.188763  1.512285  3.275585  5.962699  2.142867
 5.535637  4.415144  6.466092  1.443751  2.598654  3.185833  5.98485
 4.905021  0.9204025 0.6149668 2.795718  1.626028  3.783603  1.600659
 1.501838  3.945429  3.029225  5.648183  4.102498  2.069885  7.68545
 3.801859  1.725171  2.388573  2.296582  7.760047  4.2206    5.596842
 5.549041  1.629142  1.837094  1.395001  2.687617  2.219823  1.352292
 1.790499  4.327634  4.907085  3.345221  2.242919  2.162858  0.947735
 2.62403   2.793078  7.557025  7.801688  6.290142  4.531329  3.289601
 5.865667  4.991907  3.249758  1.959346  2.14517   1.539375  1.397692
 4.163786  1.41829   6.153984  3.12907   5.388719  1.421762  2.821434
 4.675906  2.767834  0.8530129 3.144174  5.639263  2.212512  4.415055
 3.958059  1.450784  2.558105  1.836902  3.07729   1.69447   4.468403
 3.960694  5.584969  2.432691  0.8956414 1.681784  6.33283   2.498376
 6.810792  2.196584  5.029052  6.829841  1.087256  3.382082  3.077922
 8.726022  1.91404   2.793256  1.91487   3.059031  3.692914  2.198638
 3.080631  0.9225888 5.930659  5.295976  0.9261967 2.405897  1.522044
 3.799885  2.510669  4.894474  2.253121  1.557014  0.9438987 6.691331
 3.976737  5.18564   4.678718  1.480009  7.414364  0.8978802 4.573677
 4.330367  2.386913  1.311549  5.802885  4.308199  5.819407  2.047399
 4.840194  5.916335  8.219623  3.766612  8.029332  3.437009  1.091132
 7.402248  2.611584  7.281906  3.12779   3.37107   4.104042  2.666169
 1.881077  2.265594  1.942603  4.877022  5.607151  2.483356  3.846805
 5.229029  2.450405  6.462641  3.284075  3.111115  4.862827  5.219302
 4.948485  3.239973  5.198     1.85382   3.810508  5.808235  6.401395
 4.072005  3.192963  6.377464  3.026275  7.182348  2.467395  2.840816
 4.62117   0.8013669 3.301824  3.700868  3.859356  3.640589  1.631978
 3.109576  2.118006  3.633301  1.910307  1.097416  2.098631  3.854561
 2.804641  5.338936  4.561814  4.770871  4.351374  1.743833  1.717807
 4.835996  1.957476  4.802668  3.362869  5.04922   0.9781147 5.163638
 3.089321  6.739764  6.591453  4.807794  4.209753  2.534549  1.967721
 6.281279  3.753443  1.631913  5.061716  3.307751  3.743842  3.131084
 4.757746  5.451388  1.433145  0.925964  3.859409  0.7693804 0.9747779
 3.840117  5.756166  2.417471  3.727463  4.539748  1.262909  6.412591
 2.329248  1.968217  2.764906  0.6343969 4.078444  1.819441  5.058468
 6.606301  0.8046079 2.432164  3.13244   1.280389  4.129045  1.700139
 4.232271  3.046122  6.236881  8.39594   5.145267  1.458839  3.381127
 3.798679  2.702291  6.992343  5.431038  4.166616  6.678528  6.405414
 2.908254  1.612583  1.126229  6.447983  2.8474    4.232381  4.851828
 3.533651  4.328054  2.971458  3.537537  5.810956  6.792345  2.894132
 4.385874  2.513971  5.096509  6.103553  2.440774  1.312949  3.292316
 1.79383   6.134645  2.803379  4.577617  3.393359  2.631124  2.230277
 5.367057  1.996894  7.566692  3.357977  2.731293  4.891748  4.127464
 5.760553  2.413906  1.740254  3.162332  3.945744  6.153141  4.044568
 6.073861  0.9079342 2.579215  2.866803  3.537815  1.353513  0.7669958
 5.036805  3.640135  3.901559  4.56151   0.6886696 5.199017  3.021157
 0.9449413 4.934853  2.335688  4.916536  1.303148  2.523699  6.101596
 4.778756  3.551098  5.400778  5.423167  3.694376  6.783806  2.621694
 5.066597  3.209899  5.22056   1.378876  1.908687  5.391345  0.9392919
 1.726352  1.967701  1.889075  1.708426  3.20669   0.8797298 5.82179
 2.974693  5.234322  0.6513621 2.377424  7.100321  2.048639  3.357859
 2.380877  5.736975  5.028825  1.685588  7.34862   7.470839  4.232857
 1.203245  4.282211  4.606197  5.458502  3.219534  7.659041  6.429507
 6.68246   1.487046  1.553803  7.131456  2.317174  1.960738  3.574362
 6.457277  2.277902  3.121077  4.290486  2.507747  2.908425  1.744732
 2.860119  4.75165   4.40634   2.715355  2.230171  5.391695  4.82203
 4.787902  3.893223  6.349887  4.580191  3.721526  7.748886  5.100696
 1.108516  3.69811   1.09722   6.446683  1.304328  1.316445  1.733152
 3.015351  4.218774  2.598487  1.89938   4.00781   5.605728  4.010684
 3.269353  1.194666  3.287429  5.392629  2.594177  2.59961   1.663168
 7.309031  4.48763   8.636365  2.977244  1.128676  0.8065587 7.769203
 4.911705  3.080025  4.064611  1.633039  5.32994   4.748899  6.785492
 4.457525  5.845285  2.999277  3.2638    0.8010761 6.123237  6.600532
 1.678053  4.815345  4.847297  1.05466   2.553784 ]
clients_crash_prob_vec [0.7, 0.7, 0.7, 0.7, 0.7, 0.7, 0.7, 0.7, 0.7, 0.7, 0.7, 0.7, 0.7, 0.7, 0.7, 0.7, 0.7, 0.7, 0.7, 0.7, 0.7, 0.7, 0.7, 0.7, 0.7, 0.7, 0.7, 0.7, 0.7, 0.7, 0.7, 0.7, 0.7, 0.7, 0.7, 0.7, 0.7, 0.7, 0.7, 0.7, 0.7, 0.7, 0.7, 0.7, 0.7, 0.7, 0.7, 0.7, 0.7, 0.7, 0.7, 0.7, 0.7, 0.7, 0.7, 0.7, 0.7, 0.7, 0.7, 0.7, 0.7, 0.7, 0.7, 0.7, 0.7, 0.7, 0.7, 0.7, 0.7, 0.7, 0.7, 0.7, 0.7, 0.7, 0.7, 0.7, 0.7, 0.7, 0.7, 0.7, 0.7, 0.7, 0.7, 0.7, 0.7, 0.7, 0.7, 0.7, 0.7, 0.7, 0.7, 0.7, 0.7, 0.7, 0.7, 0.7, 0.7, 0.7, 0.7, 0.7, 0.7, 0.7, 0.7, 0.7, 0.7, 0.7, 0.7, 0.7, 0.7, 0.7, 0.7, 0.7, 0.7, 0.7, 0.7, 0.7, 0.7, 0.7, 0.7, 0.7, 0.7, 0.7, 0.7, 0.7, 0.7, 0.7, 0.7, 0.7, 0.7, 0.7, 0.7, 0.7, 0.7, 0.7, 0.7, 0.7, 0.7, 0.7, 0.7, 0.7, 0.7, 0.7, 0.7, 0.7, 0.7, 0.7, 0.7, 0.7, 0.7, 0.7, 0.7, 0.7, 0.7, 0.7, 0.7, 0.7, 0.7, 0.7, 0.7, 0.7, 0.7, 0.7, 0.7, 0.7, 0.7, 0.7, 0.7, 0.7, 0.7, 0.7, 0.7, 0.7, 0.7, 0.7, 0.7, 0.7, 0.7, 0.7, 0.7, 0.7, 0.7, 0.7, 0.7, 0.7, 0.7, 0.7, 0.7, 0.7, 0.7, 0.7, 0.7, 0.7, 0.7, 0.7, 0.7, 0.7, 0.7, 0.7, 0.7, 0.7, 0.7, 0.7, 0.7, 0.7, 0.7, 0.7, 0.7, 0.7, 0.7, 0.7, 0.7, 0.7, 0.7, 0.7, 0.7, 0.7, 0.7, 0.7, 0.7, 0.7, 0.7, 0.7, 0.7, 0.7, 0.7, 0.7, 0.7, 0.7, 0.7, 0.7, 0.7, 0.7, 0.7, 0.7, 0.7, 0.7, 0.7, 0.7, 0.7, 0.7, 0.7, 0.7, 0.7, 0.7, 0.7, 0.7, 0.7, 0.7, 0.7, 0.7, 0.7, 0.7, 0.7, 0.7, 0.7, 0.7, 0.7, 0.7, 0.7, 0.7, 0.7, 0.7, 0.7, 0.7, 0.7, 0.7, 0.7, 0.7, 0.7, 0.7, 0.7, 0.7, 0.7, 0.7, 0.7, 0.7, 0.7, 0.7, 0.7, 0.7, 0.7, 0.7, 0.7, 0.7, 0.7, 0.7, 0.7, 0.7, 0.7, 0.7, 0.7, 0.7, 0.7, 0.7, 0.7, 0.7, 0.7, 0.7, 0.7, 0.7, 0.7, 0.7, 0.7, 0.7, 0.7, 0.7, 0.7, 0.7, 0.7, 0.7, 0.7, 0.7, 0.7, 0.7, 0.7, 0.7, 0.7, 0.7, 0.7, 0.7, 0.7, 0.7, 0.7, 0.7, 0.7, 0.7, 0.7, 0.7, 0.7, 0.7, 0.7, 0.7, 0.7, 0.7, 0.7, 0.7, 0.7, 0.7, 0.7, 0.7, 0.7, 0.7, 0.7, 0.7, 0.7, 0.7, 0.7, 0.7, 0.7, 0.7, 0.7, 0.7, 0.7, 0.7, 0.7, 0.7, 0.7, 0.7, 0.7, 0.7, 0.7, 0.7, 0.7, 0.7, 0.7, 0.7, 0.7, 0.7, 0.7, 0.7, 0.7, 0.7, 0.7, 0.7, 0.7, 0.7, 0.7, 0.7, 0.7, 0.7, 0.7, 0.7, 0.7, 0.7, 0.7, 0.7, 0.7, 0.7, 0.7, 0.7, 0.7, 0.7, 0.7, 0.7, 0.7, 0.7, 0.7, 0.7, 0.7, 0.7, 0.7, 0.7, 0.7, 0.7, 0.7, 0.7, 0.7, 0.7, 0.7, 0.7, 0.7, 0.7, 0.7, 0.7, 0.7, 0.7, 0.7, 0.7, 0.7, 0.7, 0.7, 0.7, 0.7, 0.7, 0.7, 0.7, 0.7, 0.7, 0.7, 0.7, 0.7, 0.7, 0.7, 0.7, 0.7, 0.7, 0.7, 0.7, 0.7, 0.7, 0.7, 0.7, 0.7, 0.7, 0.7, 0.7, 0.7, 0.7, 0.7, 0.7, 0.7, 0.7, 0.7, 0.7, 0.7, 0.7, 0.7, 0.7, 0.7, 0.7, 0.7, 0.7, 0.7, 0.7, 0.7, 0.7, 0.7, 0.7, 0.7, 0.7, 0.7, 0.7, 0.7, 0.7, 0.7, 0.7, 0.7, 0.7, 0.7, 0.7, 0.7, 0.7, 0.7, 0.7, 0.7, 0.7, 0.7, 0.7, 0.7, 0.7, 0.7, 0.7, 0.7, 0.7, 0.7, 0.7, 0.7, 0.7, 0.7, 0.7, 0.7, 0.7, 0.7, 0.7, 0.7, 0.7, 0.7, 0.7, 0.7, 0.7, 0.7, 0.7, 0.7, 0.7, 0.7, 0.7, 0.7, 0.7, 0.7, 0.7, 0.7, 0.7, 0.7, 0.7, 0.7, 0.7, 0.7, 0.7, 0.7, 0.7, 0.7, 0.7, 0.7, 0.7, 0.7, 0.7, 0.7, 0.7, 0.7, 0.7, 0.7, 0.7, 0.7, 0.7, 0.7, 0.7, 0.7, 0.7, 0.7, 0.7, 0.7, 0.7, 0.7, 0.7, 0.7, 0.7, 0.7, 0.7, 0.7, 0.7, 0.7, 0.7, 0.7, 0.7, 0.7, 0.7, 0.7, 0.7, 0.7, 0.7, 0.7, 0.7, 0.7, 0.7, 0.7, 0.7, 0.7, 0.7, 0.7, 0.7, 0.7, 0.7, 0.7, 0.7, 0.7, 0.7, 0.7, 0.7, 0.7, 0.7, 0.7, 0.7, 0.7, 0.7, 0.7, 0.7, 0.7, 0.7, 0.7, 0.7]
> Task settings
dataset: tcpdump99, task_type: SVM
in_dim=35, out_dim=1, lr=0.010000
optimizer=SGD, loss_func=svmLoss
Clients futile percent (avg.=0.350):
EUR: 0.090483
SR: 0.300000
VV: 0.000000
Avg. round length: 3072.7199999999984
Avg. T_dist: 72.72
Round trace: [1.835946598378391, 1.3361798450070814, 1.1371865171511344, 0.9476758478330976, 0.8091176906592435, 0.7172908652920292, 0.6602345390185739, 0.6032581415858014, 0.5416977172786539, 0.5102207902504977, 0.5025281090263789, 0.48997430549288906, 0.47843934155359585, 0.4748163453296646, 0.46200939155610216, 0.4568203537608799, 0.4477977209581022, 0.4477977209581022, 0.439227854303328, 0.43710279402166585, 0.43604541228347626, 0.43604541228347626, 0.43604541228347626, 0.43309819437180513, 0.43309819437180513, 0.4281260150314897, 0.4281260150314897, 0.4281260150314897, 0.4281260150314897, 0.4266470931142948, 0.4266470931142948, 0.41498295773322913, 0.41498295773322913, 0.41498295773322913, 0.41498295773322913, 0.41498295773322913, 0.4068004464153924, 0.4068004464153924, 0.4068004464153924, 0.4068004464153924, 0.4068004464153924, 0.40641422507723346, 0.40641422507723346, 0.40447411246070186, 0.4018920654323303, 0.3977348823727268, 0.3948937386242931, 0.3938873490473539, 0.3938873490473539, 0.39048706176493353, 0.38222566239071765, 0.38222566239071765, 0.38013713139392863, 0.37373620797679663, 0.3710287325905711, 0.3710287325905711, 0.36875681413420214, 0.36875681413420214, 0.36408676711858384, 0.35554669735272276, 0.35554669735272276, 0.35554669735272276, 0.3528100649833616, 0.3528100649833616, 0.33998601612245344, 0.33713614415988874, 0.33713614415988874, 0.33713614415988874, 0.33713614415988874, 0.33713614415988874, 0.3362375028563892, 0.3362375028563892, 0.3360931349030331, 0.3252085120473207, 0.3252085120473207, 0.3252085120473207, 0.3252085120473207, 0.3229297444082436, 0.3220761614818685, 0.3220761614818685, 0.3209645470231505, 0.31859543466499884, 0.31859543466499884, 0.31859543466499884, 0.31859543466499884, 0.31829905620598803, 0.31829905620598803, 0.3175503701807568, 0.30370382689519015, 0.30370382689519015, 0.30370382689519015, 0.30370382689519015, 0.30370382689519015, 0.3006172201528485, 0.2982728164592822, 0.2982728164592822, 0.2982728164592822, 0.2982728164592822, 0.2957916809302568, 0.2957916809302568]
accuracy trace: [0.8230346116720548, 0.9835445171372975, 0.9420227680144637, 0.925398746686687, 0.9682841252087578, 0.9580339221965158, 0.9400922365054315, 0.9545099361086, 0.9836670905664424, 0.9838509507101598, 0.9807483107849296, 0.9794842722968728, 0.9809245100893254, 0.976841282730936, 0.9826175555793892, 0.9828014157231066, 0.9847702514287465, 0.9847702514287465, 0.9854214227710788, 0.9854214227710788, 0.985383118574471, 0.985383118574471, 0.985383118574471, 0.9855439962002237, 0.9855439962002237, 0.9857048738259764, 0.9857048738259764, 0.9857048738259764, 0.9857048738259764, 0.9857431780225842, 0.9857431780225842, 0.9858963948090153, 0.9858963948090153, 0.9858963948090153, 0.9858963948090153, 0.9858963948090153, 0.9859576815235878, 0.9859576815235878, 0.9859576815235878, 0.9859576815235878, 0.9859576815235878, 0.9859653423629092, 0.9859653423629092, 0.9859576815235878, 0.9859730032022308, 0.9859730032022308, 0.9859806640415524, 0.9859806640415524, 0.9859806640415524, 0.985988324880874, 0.9860036465595171, 0.9860036465595171, 0.9860036465595171, 0.9860036465595171, 0.9860189682381602, 0.9860189682381602, 0.9860189682381602, 0.9860189682381602, 0.9860189682381602, 0.9888151745905281, 0.9888151745905281, 0.9888151745905281, 0.9888534787871359, 0.9888534787871359, 0.9908299753320974, 0.9911210872263165, 0.9911210872263165, 0.9911210872263165, 0.9911210872263165, 0.9911210872263165, 0.9911057655476734, 0.9911057655476734, 0.991113426386995, 0.9911976956195321, 0.9911976956195321, 0.9911976956195321, 0.9911976956195321, 0.9912359998161399, 0.9912436606554614, 0.9912436606554614, 0.9912743040127476, 0.9912743040127476, 0.9912743040127476, 0.9912743040127476, 0.9912743040127476, 0.9912743040127476, 0.9912743040127476, 0.9912743040127476, 0.9914121991205357, 0.9914121991205357, 0.9914121991205357, 0.9914121991205357, 0.9914121991205357, 0.9914121991205357, 0.9914505033171435, 0.9914505033171435, 0.9914505033171435, 0.9914505033171435, 0.9914581641564649, 0.9914581641564649]
> Pick&crash traces
Extra args(SAFA only): None
Best loss = 0.295792 at round #98
Best accuracy: 0.9914581641564649
time trace: [3001.44, 6004.320000000001, 9008.64, 12014.4, 15021.6, 18030.239999999998, 21040.32, 24051.84, 27064.8, 30079.2, 33095.03999999999, 36112.31999999999, 39131.03999999999, 42151.2, 45172.799999999996, 48195.84, 51220.32, 54246.24, 57273.6, 60302.4, 63332.64, 66364.31999999999, 69397.43999999999, 72431.99999999999, 75467.99999999999, 78505.43999999999, 81544.31999999999, 84584.64, 87626.4, 90669.59999999999, 93714.23999999999, 96760.31999999999, 99807.84, 102856.8, 105907.2, 108959.04, 112012.31999999999, 115067.04, 118123.2, 121180.8, 124239.84, 127300.31999999999, 130362.23999999999, 133425.59999999998, 136490.39999999997, 139556.63999999996, 142624.31999999995, 145693.43999999994, 148763.99999999994, 151835.99999999994, 154909.43999999994, 157984.31999999995, 161060.63999999996, 164138.39999999997, 167217.59999999998, 170298.24, 173380.31999999998, 176463.83999999997, 179548.79999999996, 182635.19999999995, 185723.03999999995, 188812.31999999995, 191903.03999999995, 194995.19999999995, 198088.79999999996, 201183.83999999997, 204280.31999999998, 207378.24, 210477.59999999998, 213578.39999999997, 216680.63999999996, 219784.31999999995, 222889.43999999994, 225995.99999999994, 229103.99999999994, 232213.43999999994, 235324.31999999995, 238436.63999999996, 241550.39999999997, 244665.59999999998, 247782.24, 250900.31999999998, 254019.83999999997, 257140.79999999996, 260263.19999999995, 263387.04, 266512.32, 269639.04, 272767.19999999995, 275896.79999999993, 279027.8399999999, 282160.3199999999, 285294.2399999999, 288429.59999999986, 291566.39999999985, 294704.63999999984, 297844.31999999983, 300985.4399999998, 304127.9999999998, 307271.9999999998]
