
batch_size = 32
> Exp stats. at 07/07/24-18:53
> Env settings
Mode: Primal FedAvg
n_clients=50, selected_clients=15, picked_clients=15
rounds=100, n_local_epochs=5, batch_size=32, lag_tol=2
data_dist=('N', 0.3), perf_dist=('X', None), crash_dist=('E', 0.5)
> Env details
client_shard_sizes [ 885  665  451  540  448  738  510  631  543  441  231  688  451  595
  527  767  550  187  880  734  836  357  367 1001  537  582  811  303
  482  627  381  715  764  330  417  890  574 1124  508  582  376  318
  320  374  604  535  281  953  690  793]
clients_perf_vec [2.150311e+00 1.449253e+00 6.087597e-01 1.018204e+00 1.840874e-01
 1.232575e-01 8.050291e-01 2.202283e+00 1.427872e+00 1.486769e+00
 3.059691e+00 2.521963e-01 1.452026e+00 1.155421e-01 1.511384e-03
 4.697198e-01 5.852113e-01 9.600339e-01 6.559810e-01 3.957445e-01
 2.157178e-01 5.091674e-02 5.603786e+00 1.915348e+00 3.847008e+00
 6.513958e-01 3.788830e-01 4.116184e+00 2.983745e+00 8.600064e-02
 9.975734e-01 5.459264e+00 5.889370e-01 3.381748e+00 1.844157e+00
 3.966653e+00 9.644299e-01 2.390578e-01 1.667105e+00 4.481676e-01
 1.911760e-01 5.922719e-02 1.039175e+00 4.598547e+00 1.451555e+00
 1.594893e+00 5.197040e+00 2.572004e+00 4.819839e+00 3.302912e+00]
clients_crash_prob_vec [0.5, 0.5, 0.5, 0.5, 0.5, 0.5, 0.5, 0.5, 0.5, 0.5, 0.5, 0.5, 0.5, 0.5, 0.5, 0.5, 0.5, 0.5, 0.5, 0.5, 0.5, 0.5, 0.5, 0.5, 0.5, 0.5, 0.5, 0.5, 0.5, 0.5, 0.5, 0.5, 0.5, 0.5, 0.5, 0.5, 0.5, 0.5, 0.5, 0.5, 0.5, 0.5, 0.5, 0.5, 0.5, 0.5, 0.5, 0.5, 0.5, 0.5]
> Task settings
dataset: Boston, task_type: Reg
in_dim=8, out_dim=1, lr=0.000100
optimizer=SGD, loss_func=mse
Clients futile percent (avg.=0.256):
EUR: 0.143800
SR: 0.300000
VV: 0.000000
Avg. round length: 2006.0600000000006
Avg. T_dist: 6.059999999999999
Round trace: [0.5105737298955654, 0.5025070827052439, 0.4943447881799373, 0.48655582584671725, 0.47123104736488064, 0.461344552711278, 0.45396188148165006, 0.4411546267636447, 0.43228723094930976, 0.41649818912603304, 0.4057222134493849, 0.3955344188921105, 0.38792779863913096, 0.3759051502898253, 0.36597454090523274, 0.36048728972974226, 0.35564560852361266, 0.34792129785840414, 0.338373981165045, 0.333450699830909, 0.32645213945217677, 0.32146390979611417, 0.31643708990041514, 0.30595590408352374, 0.3012312673449213, 0.29353435824427254, 0.28783247638066617, 0.2840469290774005, 0.27987958231621396, 0.2753980353605321, 0.2672953268740424, 0.2609404742507774, 0.2589875387057715, 0.2551520089041673, 0.2489347434835621, 0.2474139378428593, 0.24137193925818756, 0.23657516650904797, 0.23261001657883937, 0.23114174550340671, 0.22964119865496319, 0.22624849032265693, 0.22543427479453831, 0.22303010723030178, 0.22005643281134965, 0.21952913002826127, 0.21670864906037332, 0.21462984557738612, 0.21103627942271996, 0.20875176971362244, 0.2058880286514145, 0.20545008657945352, 0.20436362938883076, 0.20233538320297234, 0.19941150573565375, 0.1969911133585761, 0.19435252715819645, 0.19217896158934822, 0.1892489937476414, 0.18818044786433835, 0.18678425417178807, 0.18422086485941322, 0.18305359421572323, 0.1803000724041518, 0.1798338906406918, 0.17906143590904172, 0.17819878960824168, 0.17638659816984442, 0.17436168266185842, 0.17302253529618308, 0.17224323013737988, 0.1711228220290471, 0.16972948511570143, 0.16951262101036224, 0.16951262101036224, 0.16951262101036224, 0.1690508275385333, 0.16882750007622252, 0.1683412561843639, 0.1675199161359289, 0.1675199161359289, 0.16683649500374984, 0.16499578649630983, 0.16439694578495254, 0.16349341740561146, 0.16225897790603902, 0.1621650871135078, 0.16062713874667836, 0.16062713874667836, 0.15996519962787403, 0.15913531989559435, 0.15799098014186294, 0.15704094355569675, 0.15702748303290726, 0.156383408429711, 0.156383408429711, 0.1551408757016758, 0.1551408757016758, 0.15487521771192356, 0.1539862317590785]
accuracy trace: [0.021019451756984657, 0.035980352206305084, 0.051290129880026535, 0.06599617102587274, 0.09534306155939684, 0.11463465255841736, 0.12921513299872045, 0.15480592499276366, 0.17275917007327862, 0.20512403903506227, 0.22745730365412684, 0.24866716426623736, 0.264443587211372, 0.2891431550398049, 0.3092847552614376, 0.32025597052499233, 0.32985983991850665, 0.34492356174667294, 0.36322798423307645, 0.37242531196760986, 0.3852953380050482, 0.3945402176172055, 0.4038136678310697, 0.42294287786373524, 0.43145513373641825, 0.44517093499143984, 0.4552653561110743, 0.4618500081273423, 0.469042280066539, 0.47670514782283546, 0.49042856876863494, 0.5009376753149721, 0.5041018485395836, 0.510301257554508, 0.5200582374798317, 0.5224570557139874, 0.531758050580433, 0.5390560946233827, 0.544968174573599, 0.5471795022202964, 0.5494253888644751, 0.5544855182060463, 0.5556891203553749, 0.5592320232215766, 0.5635923303814836, 0.564345025975803, 0.5684411044086792, 0.5714538256965427, 0.5766359770752661, 0.5798665414370079, 0.5838811483491768, 0.5844967840509513, 0.5860100954991769, 0.5888140876499305, 0.5928373819834272, 0.5961405632982223, 0.5997336272831284, 0.6027030021028551, 0.6066574060958984, 0.608086520531206, 0.6099357611334116, 0.6132943782788574, 0.6148220856577383, 0.6183595590222754, 0.6189578674553653, 0.6199329297930557, 0.6210325731904051, 0.6232684287858552, 0.6256825267348544, 0.627272789904244, 0.6281971272658483, 0.6295079359457371, 0.6311252496230476, 0.631373162384123, 0.631373162384123, 0.631373162384123, 0.6319026182603364, 0.63216082343199, 0.6327099852259286, 0.6336219487878751, 0.6336219487878751, 0.6343842077364169, 0.636365892961874, 0.6369960563046021, 0.6379356779730047, 0.6391905215221053, 0.6392859169510546, 0.6407785000681935, 0.6407785000681935, 0.6414129833469773, 0.6421758358005075, 0.6432060459340544, 0.6440383849725217, 0.6440578548109654, 0.6446189456120688, 0.6446189456120688, 0.6456824722047115, 0.6456824722047115, 0.6459065722026338, 0.6466333134212139]
> Pick&crash traces
Extra args(SAFA only): None
Best loss = 0.153986 at round #99
Best accuracy: 0.6466333134212139
time trace: [2000.12, 4000.3599999999997, 6000.719999999999, 8001.199999999999, 10001.8, 12002.519999999999, 14003.359999999999, 16004.319999999998, 18005.4, 20006.600000000002, 22007.920000000002, 24009.36, 26010.920000000002, 28012.600000000002, 30014.4, 32016.32, 34018.36, 36020.520000000004, 38022.8, 40025.200000000004, 42027.72, 44030.36, 46033.12, 48036.0, 50039.0, 52042.12, 54045.36, 56048.72, 58052.200000000004, 60055.8, 62059.520000000004, 64063.36, 66067.32, 68071.40000000001, 70075.6, 72079.92000000001, 74084.36000000002, 76088.92000000001, 78093.6, 80098.40000000001, 82103.32, 84108.36, 86113.52, 88118.8, 90124.2, 92129.72, 94135.36, 96141.12, 98147.0, 100153.0, 102159.12, 104165.36, 106171.72, 108178.2, 110184.8, 112191.52, 114198.36, 116205.32, 118212.40000000001, 120219.6, 122226.92000000001, 124234.36000000002, 126241.92000000001, 128249.6, 130257.40000000001, 132265.32000000004, 134273.36000000004, 136281.52000000005, 138289.80000000005, 140298.20000000004, 142306.72000000003, 144315.36000000004, 146324.12000000005, 148333.00000000006, 150342.00000000006, 152351.12000000005, 154360.36000000004, 156369.72000000003, 158379.20000000004, 160388.80000000005, 162398.52000000005, 164408.36000000004, 166418.32000000004, 168428.40000000002, 170438.60000000003, 172448.92000000004, 174459.36000000004, 176469.92000000004, 178480.60000000003, 180491.40000000002, 182502.32000000004, 184513.36000000004, 186524.52000000005, 188535.80000000005, 190547.20000000004, 192558.72000000003, 194570.36000000004, 196582.12000000005, 198594.00000000006, 200606.00000000006]


> Exp stats. at 07/07/24-19:00
> Env settings
Mode: Primal FedAvg
n_clients=50, selected_clients=15, picked_clients=15
rounds=100, n_local_epochs=5, batch_size=32, lag_tol=2
data_dist=('N', 0.3), perf_dist=('X', None), crash_dist=('E', 0.7)
> Env details
client_shard_sizes [ 642  358  644  516  406  696 1001  481  411  587  464  554  577  227
  774  261  644  578  594  375  623  371  914  773  417  338  808  655
  418  810  564  652  584  374  693  960  650  428  430  670  437  601
  704  723  418  620  626  257  717  869]
clients_perf_vec [2.150311e+00 1.449253e+00 6.087597e-01 1.018204e+00 1.840874e-01
 1.232575e-01 8.050291e-01 2.202283e+00 1.427872e+00 1.486769e+00
 3.059691e+00 2.521963e-01 1.452026e+00 1.155421e-01 1.511384e-03
 4.697198e-01 5.852113e-01 9.600339e-01 6.559810e-01 3.957445e-01
 2.157178e-01 5.091674e-02 5.603786e+00 1.915348e+00 3.847008e+00
 6.513958e-01 3.788830e-01 4.116184e+00 2.983745e+00 8.600064e-02
 9.975734e-01 5.459264e+00 5.889370e-01 3.381748e+00 1.844157e+00
 3.966653e+00 9.644299e-01 2.390578e-01 1.667105e+00 4.481676e-01
 1.911760e-01 5.922719e-02 1.039175e+00 4.598547e+00 1.451555e+00
 1.594893e+00 5.197040e+00 2.572004e+00 4.819839e+00 3.302912e+00]
clients_crash_prob_vec [0.7, 0.7, 0.7, 0.7, 0.7, 0.7, 0.7, 0.7, 0.7, 0.7, 0.7, 0.7, 0.7, 0.7, 0.7, 0.7, 0.7, 0.7, 0.7, 0.7, 0.7, 0.7, 0.7, 0.7, 0.7, 0.7, 0.7, 0.7, 0.7, 0.7, 0.7, 0.7, 0.7, 0.7, 0.7, 0.7, 0.7, 0.7, 0.7, 0.7, 0.7, 0.7, 0.7, 0.7, 0.7, 0.7, 0.7, 0.7, 0.7, 0.7]
> Task settings
dataset: Boston, task_type: Reg
in_dim=8, out_dim=1, lr=0.000100
optimizer=SGD, loss_func=mse
Clients futile percent (avg.=0.353):
EUR: 0.091400
SR: 0.300000
VV: 0.000000
Avg. round length: 2006.0600000000006
Avg. T_dist: 6.059999999999999
Round trace: [0.518437415139403, 0.5066330113694268, 0.49898520923696105, 0.4806731336254347, 0.4669959938817823, 0.4646119712996332, 0.45043793248385067, 0.437436588468314, 0.43196210503679405, 0.41676629515019126, 0.40496967587637234, 0.3954937647938097, 0.3935825557897067, 0.386500405549673, 0.3790075957410481, 0.3740880472208186, 0.3687175101225339, 0.3518614694220811, 0.33978833582223533, 0.32678589750007897, 0.3197752800557277, 0.3178946727945304, 0.31197075759178294, 0.3042737015555955, 0.29902443748638446, 0.2982630769304632, 0.29562152832313254, 0.2897828873595007, 0.2860467595884833, 0.2854940796580937, 0.2788019687085079, 0.2702524416619865, 0.2678337305233095, 0.2625983674781282, 0.2578236428525505, 0.25266311833962796, 0.2449118661853491, 0.2434629361861471, 0.23912117644225545, 0.23729541930733405, 0.23404589621461092, 0.2333161042798525, 0.22911505530146428, 0.22723156115596047, 0.2264193218492042, 0.22358275632645208, 0.22080024926653344, 0.21862931739938538, 0.21710776355065967, 0.2128891849183286, 0.2128891849183286, 0.21000366717281727, 0.20905426362506382, 0.20812136721339106, 0.2070429721434947, 0.20312250299113738, 0.2011700818066111, 0.2011700818066111, 0.19964272743179254, 0.19964272743179254, 0.19794246672777271, 0.19585654529950006, 0.19428050953275397, 0.19428050953275397, 0.1932675289382139, 0.19239427158201802, 0.19083042556068538, 0.19083042556068538, 0.19083042556068538, 0.18966302150174644, 0.1893750388032061, 0.18925790726448222, 0.18817697660531996, 0.186199934423068, 0.18555165948668126, 0.18555165948668126, 0.18463258231022617, 0.18271830866487968, 0.18110640349854154, 0.17940138005191283, 0.17840005942446313, 0.17629692504285935, 0.1754296893553684, 0.16930289290993092, 0.16810970213818477, 0.16682475248344697, 0.16666213975258867, 0.16666213975258867, 0.16457370449969544, 0.1638913468016651, 0.16296780640072878, 0.16296780640072878, 0.16208260824369672, 0.16131575112172603, 0.16044592373864994, 0.15742714171152253, 0.15740878176301606, 0.15705410684670607, 0.155561241718266, 0.154177129549344]
accuracy trace: [0.006626662275094247, 0.028424403700785975, 0.04270799458955179, 0.07726184912286366, 0.10349445986798901, 0.10815932400096054, 0.13596557809661777, 0.16190143068282176, 0.17302794243841013, 0.2041308852003513, 0.2285336594792182, 0.24830885978357978, 0.2522900315389556, 0.26704048363240096, 0.28252005256104407, 0.2926558768030532, 0.3035575495241851, 0.33710785278723115, 0.36045953644809736, 0.3847711493112954, 0.3976844358074547, 0.4011673650057033, 0.41200763161655873, 0.4259672005663217, 0.4355689360995255, 0.436950424847623, 0.4416824849062645, 0.4520207113598163, 0.4585871060323474, 0.4595617558986347, 0.4711845444462873, 0.4857340773851589, 0.48980690494428303, 0.4985319511068728, 0.5062336192548897, 0.5145433434625146, 0.5267112460022213, 0.528936748357102, 0.535550466439976, 0.5383252528511365, 0.5432244778224041, 0.54432843842044, 0.5506024671944234, 0.5533944789270979, 0.5545333342015178, 0.5587289508728945, 0.5627643664567918, 0.5659186932102754, 0.5681304301928094, 0.5741262074621555, 0.5741262074621555, 0.57823792177723, 0.5795867790513742, 0.5809003406101719, 0.5824043348585272, 0.5878690234672621, 0.5905497978490604, 0.5905497978490604, 0.5926486058838187, 0.5926486058838187, 0.5949801096101281, 0.5978575105517597, 0.599986419802662, 0.599986419802662, 0.6013826643990721, 0.6025645340810046, 0.6046808045892523, 0.6046808045892523, 0.6046808045892523, 0.6062251049531424, 0.6066134425358862, 0.6067725095302, 0.6082155019954603, 0.6107368241332102, 0.6115620374894104, 0.6115620374894104, 0.6127625250598506, 0.6152600171021906, 0.6173336070211172, 0.6195120799208939, 0.6207899699171844, 0.6234210447604296, 0.6244901527316791, 0.6317076304507286, 0.6330584332779088, 0.6344650859295426, 0.6346387018577825, 0.6346387018577825, 0.636865716269497, 0.6375694079383266, 0.6385213951879021, 0.6385213951879021, 0.6394067948240966, 0.6401532536238842, 0.6409987846138387, 0.6437079055446105, 0.6437247119420555, 0.6440354599551346, 0.6453088408334368, 0.6464477295882811]
> Pick&crash traces
Extra args(SAFA only): None
Best loss = 0.154177 at round #99
Best accuracy: 0.6464477295882811
time trace: [2000.12, 4000.3599999999997, 6000.719999999999, 8001.199999999999, 10001.8, 12002.519999999999, 14003.359999999999, 16004.319999999998, 18005.4, 20006.600000000002, 22007.920000000002, 24009.36, 26010.920000000002, 28012.600000000002, 30014.4, 32016.32, 34018.36, 36020.520000000004, 38022.8, 40025.200000000004, 42027.72, 44030.36, 46033.12, 48036.0, 50039.0, 52042.12, 54045.36, 56048.72, 58052.200000000004, 60055.8, 62059.520000000004, 64063.36, 66067.32, 68071.40000000001, 70075.6, 72079.92000000001, 74084.36000000002, 76088.92000000001, 78093.6, 80098.40000000001, 82103.32, 84108.36, 86113.52, 88118.8, 90124.2, 92129.72, 94135.36, 96141.12, 98147.0, 100153.0, 102159.12, 104165.36, 106171.72, 108178.2, 110184.8, 112191.52, 114198.36, 116205.32, 118212.40000000001, 120219.6, 122226.92000000001, 124234.36000000002, 126241.92000000001, 128249.6, 130257.40000000001, 132265.32000000004, 134273.36000000004, 136281.52000000005, 138289.80000000005, 140298.20000000004, 142306.72000000003, 144315.36000000004, 146324.12000000005, 148333.00000000006, 150342.00000000006, 152351.12000000005, 154360.36000000004, 156369.72000000003, 158379.20000000004, 160388.80000000005, 162398.52000000005, 164408.36000000004, 166418.32000000004, 168428.40000000002, 170438.60000000003, 172448.92000000004, 174459.36000000004, 176469.92000000004, 178480.60000000003, 180491.40000000002, 182502.32000000004, 184513.36000000004, 186524.52000000005, 188535.80000000005, 190547.20000000004, 192558.72000000003, 194570.36000000004, 196582.12000000005, 198594.00000000006, 200606.00000000006]


> Exp stats. at 07/07/24-19:01
> Env settings
Mode: Primal FedAvg
n_clients=50, selected_clients=15, picked_clients=15
rounds=100, n_local_epochs=5, batch_size=32, lag_tol=2
data_dist=('N', 0.3), perf_dist=('X', None), crash_dist=('E', 0.3)
> Env details
client_shard_sizes [777 490 721 472 594 777 594 478 582 688 615 494 520 573 608 737 381 543
 474 441 672 496 733 430 561 463 498 631 453 615 618 947 604 550 886 428
 318 563 358 647 548 732 606 450 645 535 408 685 613 642]
clients_perf_vec [2.150311e+00 1.449253e+00 6.087597e-01 1.018204e+00 1.840874e-01
 1.232575e-01 8.050291e-01 2.202283e+00 1.427872e+00 1.486769e+00
 3.059691e+00 2.521963e-01 1.452026e+00 1.155421e-01 1.511384e-03
 4.697198e-01 5.852113e-01 9.600339e-01 6.559810e-01 3.957445e-01
 2.157178e-01 5.091674e-02 5.603786e+00 1.915348e+00 3.847008e+00
 6.513958e-01 3.788830e-01 4.116184e+00 2.983745e+00 8.600064e-02
 9.975734e-01 5.459264e+00 5.889370e-01 3.381748e+00 1.844157e+00
 3.966653e+00 9.644299e-01 2.390578e-01 1.667105e+00 4.481676e-01
 1.911760e-01 5.922719e-02 1.039175e+00 4.598547e+00 1.451555e+00
 1.594893e+00 5.197040e+00 2.572004e+00 4.819839e+00 3.302912e+00]
clients_crash_prob_vec [0.3, 0.3, 0.3, 0.3, 0.3, 0.3, 0.3, 0.3, 0.3, 0.3, 0.3, 0.3, 0.3, 0.3, 0.3, 0.3, 0.3, 0.3, 0.3, 0.3, 0.3, 0.3, 0.3, 0.3, 0.3, 0.3, 0.3, 0.3, 0.3, 0.3, 0.3, 0.3, 0.3, 0.3, 0.3, 0.3, 0.3, 0.3, 0.3, 0.3, 0.3, 0.3, 0.3, 0.3, 0.3, 0.3, 0.3, 0.3, 0.3, 0.3]
> Task settings
dataset: Boston, task_type: Reg
in_dim=8, out_dim=1, lr=0.000100
optimizer=SGD, loss_func=mse
Clients futile percent (avg.=0.157):
EUR: 0.199800
SR: 0.300000
VV: 0.000000
Avg. round length: 2006.0600000000006
Avg. T_dist: 6.059999999999999
Round trace: [0.5106364352663483, 0.4966238951454906, 0.48395380037999164, 0.47285522715801015, 0.462174872078425, 0.45565897282992074, 0.4489071786509542, 0.43855554920164574, 0.42964849126021654, 0.41926555913808033, 0.40876307915138116, 0.40084228857473925, 0.3938751874227005, 0.3835973490513283, 0.3762600228756104, 0.3718383523128091, 0.3636220845386165, 0.3583445202380473, 0.3511653724595412, 0.34480824708905206, 0.33781736774298027, 0.33515135753142955, 0.3282817529879132, 0.3234844201435844, 0.31846704851685254, 0.312596509785601, 0.30906045466145327, 0.3033552690235516, 0.29761351396708763, 0.29381750550738056, 0.28721258534551686, 0.28367150714592154, 0.28232963908732606, 0.27573301047751736, 0.271992370419096, 0.26754943413391097, 0.2634695351325441, 0.259806414401119, 0.256637279169543, 0.2539320266470133, 0.2465377249492598, 0.24149372808497271, 0.23915933164040998, 0.23425604405814646, 0.23280407795368946, 0.22994455537615577, 0.22607265284679165, 0.22326597539652063, 0.21937620950362205, 0.21679107266753783, 0.21483215677427234, 0.21335716575689614, 0.21123238012126344, 0.20823740931466195, 0.20794571850561874, 0.20482732265342676, 0.20329417282484485, 0.20173949387713538, 0.19889949280350874, 0.19713436076659907, 0.19585280168313246, 0.19384234173725584, 0.19118883132665188, 0.1904565732808502, 0.18922383326005524, 0.1876894952866732, 0.18570188182081038, 0.1842819610651308, 0.18300861707585075, 0.18228639027255164, 0.18000759359493929, 0.1783874719834413, 0.1773365430857976, 0.1762471351888661, 0.17551719634229104, 0.17460268679429264, 0.1732504062641899, 0.17197128430948405, 0.17108937911834987, 0.1704656905142113, 0.16861397458805694, 0.1675756749044562, 0.16645092431670405, 0.16596664888607934, 0.16471765216319484, 0.16328569712855512, 0.16205910886903147, 0.16164538065666334, 0.16110411273778125, 0.16012455909405957, 0.1594357248599765, 0.15727142217857532, 0.15593775347637115, 0.15593775347637115, 0.1552376507001292, 0.15500899621398057, 0.15413878955636628, 0.15405604786030627, 0.1539741307693964, 0.15336392245122266]
accuracy trace: [0.02087660225120772, 0.046956567464918136, 0.07080215438885813, 0.09209471696750131, 0.11284105459810533, 0.1256291933593399, 0.13910002837818436, 0.15980671125357065, 0.17790370857359966, 0.19920548335601693, 0.22089735503393762, 0.23735618995219074, 0.2519244892651493, 0.27323410004292786, 0.28835272965170794, 0.29744434385569674, 0.3140747581558375, 0.3246692197582107, 0.3388009324712127, 0.3511486707149909, 0.364489815445881, 0.3695287073971351, 0.3823016056669883, 0.3911702071513867, 0.40044781324516376, 0.4112309693852832, 0.4176775711856928, 0.42798104464921144, 0.4383932406608395, 0.4451819695204841, 0.45687142623669796, 0.46307697723652325, 0.46542169452497456, 0.4767412552249682, 0.48309299391248595, 0.4905361977301478, 0.4972723697125809, 0.503286817803749, 0.5083975355881114, 0.5127074418203587, 0.5243184565713911, 0.5320493891889879, 0.5356006024452677, 0.5430038081755513, 0.5451697056669921, 0.5494077342962768, 0.5551345017473368, 0.5592580868016727, 0.5649005181444321, 0.5686423946204231, 0.5714510945891925, 0.5735709645793191, 0.5766271358791533, 0.580844507160802, 0.5812506811457241, 0.5855854081267542, 0.587702498800195, 0.5898356852444298, 0.5937590267927727, 0.5961768691074545, 0.5979233528120902, 0.6006680866125143, 0.6042778372904862, 0.605258827532271, 0.6068959015706439, 0.6089082585492084, 0.611505853912777, 0.6133579696686101, 0.6150109497429945, 0.6159461614680783, 0.6188554294696685, 0.6209119931054197, 0.6222305924717328, 0.6235657832305176, 0.6244633350849581, 0.6255712527473584, 0.6271918707383399, 0.6286926169028091, 0.6297187687963353, 0.6304369459781315, 0.6325406365190945, 0.6336880631741252, 0.6349191632107103, 0.6354288174931612, 0.6367327618320038, 0.6382044021618063, 0.6394259972894795, 0.6398306885681211, 0.6403582774537439, 0.6412907913786207, 0.6419314061381574, 0.6438499105680506, 0.6449901653035847, 0.6449901653035847, 0.6455806859547748, 0.645774773081141, 0.6464880038200551, 0.6465628864056034, 0.6466394348433994, 0.6471310556656912]
> Pick&crash traces
Extra args(SAFA only): None
Best loss = 0.153364 at round #99
Best accuracy: 0.6471310556656912
time trace: [2000.12, 4000.3599999999997, 6000.719999999999, 8001.199999999999, 10001.8, 12002.519999999999, 14003.359999999999, 16004.319999999998, 18005.4, 20006.600000000002, 22007.920000000002, 24009.36, 26010.920000000002, 28012.600000000002, 30014.4, 32016.32, 34018.36, 36020.520000000004, 38022.8, 40025.200000000004, 42027.72, 44030.36, 46033.12, 48036.0, 50039.0, 52042.12, 54045.36, 56048.72, 58052.200000000004, 60055.8, 62059.520000000004, 64063.36, 66067.32, 68071.40000000001, 70075.6, 72079.92000000001, 74084.36000000002, 76088.92000000001, 78093.6, 80098.40000000001, 82103.32, 84108.36, 86113.52, 88118.8, 90124.2, 92129.72, 94135.36, 96141.12, 98147.0, 100153.0, 102159.12, 104165.36, 106171.72, 108178.2, 110184.8, 112191.52, 114198.36, 116205.32, 118212.40000000001, 120219.6, 122226.92000000001, 124234.36000000002, 126241.92000000001, 128249.6, 130257.40000000001, 132265.32000000004, 134273.36000000004, 136281.52000000005, 138289.80000000005, 140298.20000000004, 142306.72000000003, 144315.36000000004, 146324.12000000005, 148333.00000000006, 150342.00000000006, 152351.12000000005, 154360.36000000004, 156369.72000000003, 158379.20000000004, 160388.80000000005, 162398.52000000005, 164408.36000000004, 166418.32000000004, 168428.40000000002, 170438.60000000003, 172448.92000000004, 174459.36000000004, 176469.92000000004, 178480.60000000003, 180491.40000000002, 182502.32000000004, 184513.36000000004, 186524.52000000005, 188535.80000000005, 190547.20000000004, 192558.72000000003, 194570.36000000004, 196582.12000000005, 198594.00000000006, 200606.00000000006]


> Exp stats. at 07/07/24-19:03
> Env settings
Mode: Primal FedAvg
n_clients=50, selected_clients=15, picked_clients=15
rounds=100, n_local_epochs=5, batch_size=32, lag_tol=2
data_dist=('N', 0.3), perf_dist=('X', None), crash_dist=('E', 0.1)
> Env details
client_shard_sizes [548 514 523 675 878 650 204 692 471 656 667 550 627 485 813 368 748 436
 824 531 881 970 803 681 648 610 341 461 511 473 680 578 657 745 272 605
 698 532 544 395 527 403 441 695 574 333 554 413 663 346]
clients_perf_vec [2.150311e+00 1.449253e+00 6.087597e-01 1.018204e+00 1.840874e-01
 1.232575e-01 8.050291e-01 2.202283e+00 1.427872e+00 1.486769e+00
 3.059691e+00 2.521963e-01 1.452026e+00 1.155421e-01 1.511384e-03
 4.697198e-01 5.852113e-01 9.600339e-01 6.559810e-01 3.957445e-01
 2.157178e-01 5.091674e-02 5.603786e+00 1.915348e+00 3.847008e+00
 6.513958e-01 3.788830e-01 4.116184e+00 2.983745e+00 8.600064e-02
 9.975734e-01 5.459264e+00 5.889370e-01 3.381748e+00 1.844157e+00
 3.966653e+00 9.644299e-01 2.390578e-01 1.667105e+00 4.481676e-01
 1.911760e-01 5.922719e-02 1.039175e+00 4.598547e+00 1.451555e+00
 1.594893e+00 5.197040e+00 2.572004e+00 4.819839e+00 3.302912e+00]
clients_crash_prob_vec [0.1, 0.1, 0.1, 0.1, 0.1, 0.1, 0.1, 0.1, 0.1, 0.1, 0.1, 0.1, 0.1, 0.1, 0.1, 0.1, 0.1, 0.1, 0.1, 0.1, 0.1, 0.1, 0.1, 0.1, 0.1, 0.1, 0.1, 0.1, 0.1, 0.1, 0.1, 0.1, 0.1, 0.1, 0.1, 0.1, 0.1, 0.1, 0.1, 0.1, 0.1, 0.1, 0.1, 0.1, 0.1, 0.1, 0.1, 0.1, 0.1, 0.1]
> Task settings
dataset: Boston, task_type: Reg
in_dim=8, out_dim=1, lr=0.000100
optimizer=SGD, loss_func=mse
Clients futile percent (avg.=0.051):
EUR: 0.258800
SR: 0.300000
VV: 0.000000
Avg. round length: 1895.5638311117311
Avg. T_dist: 6.059999999999999
Round trace: [0.5162175485914817, 0.500947817770201, 0.48771535633829743, 0.4798397428887951, 0.46525270847882827, 0.454843680978962, 0.4452775171013351, 0.43367886516922544, 0.42369721669256105, 0.4150966232021649, 0.4043886840348889, 0.3958822372742478, 0.38631361797066927, 0.3817823328600007, 0.37530631827866145, 0.36829547312345895, 0.3603144260968661, 0.3539897451482265, 0.34654426786819054, 0.3401334955713029, 0.3343359538501679, 0.3276906415759733, 0.32206549064281964, 0.3159837001521478, 0.3114909898766538, 0.3064830065298312, 0.3025249689631205, 0.29929917199271194, 0.29462275333963595, 0.28796749218131723, 0.2839173787522842, 0.28094438162200386, 0.27412529345188924, 0.2703455436932988, 0.26362945707180974, 0.259594274921716, 0.2569187278377637, 0.25056663585314765, 0.24775026838574316, 0.24258948730457347, 0.23849795152537295, 0.2338308764198632, 0.23014053725069705, 0.22713215100479392, 0.22311798593475937, 0.22081974398904117, 0.21886772449480732, 0.21573970436368367, 0.21389990606801268, 0.2109935251079639, 0.20901502227472038, 0.20652331929224918, 0.20520136738075687, 0.20331224006682197, 0.20125458995211212, 0.19937834961065184, 0.19684413643445556, 0.19430150785612768, 0.19246067694515873, 0.19129704713145476, 0.18988550336714421, 0.1882023352812115, 0.18577497431673576, 0.18452091109460622, 0.18318071842919467, 0.18116938303252114, 0.1803103732230931, 0.17934834450866557, 0.17722818771765556, 0.17722818771765556, 0.17627850264452669, 0.1748261772894369, 0.17332872835697707, 0.17314410034472508, 0.1717667325580079, 0.16985074742818254, 0.16945701330903648, 0.1679994365223074, 0.16785859558540298, 0.16708722305128024, 0.16657537825343025, 0.16587009269336778, 0.16526140524316588, 0.1639538836229533, 0.16198863192282895, 0.16037905268023925, 0.15897518259516236, 0.1579222427330075, 0.15732426331241833, 0.15708143763626825, 0.15637788072246422, 0.15573582396169294, 0.15459529566839897, 0.15443418672131143, 0.15388894285820182, 0.1536925887111035, 0.15283605400510666, 0.1522685141665014, 0.15112335697345106, 0.15095835529891768]
accuracy trace: [0.010639991282987671, 0.03883775605159936, 0.06364895532624139, 0.07863415498473433, 0.10676700391678312, 0.12724484708009315, 0.14632168732160117, 0.16972232468113185, 0.1901741971513792, 0.2078691512323576, 0.23004535538453647, 0.24779320913854005, 0.2676437248150238, 0.2770349617572757, 0.29033874193013165, 0.30464839181116465, 0.3207341240600475, 0.3332700081751851, 0.3478176392650426, 0.3601193288218037, 0.37107635519286214, 0.3834432261356674, 0.3938708919228555, 0.4050770019745591, 0.41332530498818193, 0.42242324032931705, 0.42960117853759705, 0.4354648516154532, 0.44385446470369805, 0.4556081270093925, 0.4627143488158369, 0.467887655149127, 0.479575782876085, 0.48594156498231383, 0.49715029155291296, 0.5037525167529242, 0.5080878784592658, 0.5181705102199682, 0.5225547926520165, 0.5305041164198969, 0.5367444478212083, 0.5437639709772218, 0.5492569644318952, 0.553699552266088, 0.5596209949809077, 0.5629473632616576, 0.565765324386171, 0.5702871037262274, 0.5729477188121309, 0.577095194012102, 0.5798926340252204, 0.583384958981659, 0.5852024134545291, 0.5878111471674009, 0.5906670765785343, 0.5932464547790012, 0.5967121863766196, 0.6001885814089803, 0.602707149034026, 0.6042780997951674, 0.6061830503219237, 0.6084045801078884, 0.6115790357505226, 0.6132076385731333, 0.6149418368887107, 0.6175206185476404, 0.6186068996208436, 0.6198308079302282, 0.6224960511453739, 0.6224960511453739, 0.6236569582982782, 0.6254325362318583, 0.6272263010455686, 0.6274452876358154, 0.6290605300568772, 0.6312754441687266, 0.631719850516859, 0.6333501649132285, 0.6335115985424121, 0.6343605091326409, 0.634911193603082, 0.635667651963909, 0.636307958938708, 0.6376619752223924, 0.6396390163519725, 0.6411973303590686, 0.6424876079845158, 0.6434166007795458, 0.6439352995996006, 0.6441448054165463, 0.6447543582264722, 0.6452938110149962, 0.6462365753998713, 0.6463754846536965, 0.6468182179212751, 0.6469760338410363, 0.6476551517364583, 0.6480932524684986, 0.6489626680384576, 0.6490918857511487]
> Pick&crash traces
Extra args(SAFA only): None
Best loss = 0.150958 at round #99
Best accuracy: 0.6490918857511487
time trace: [2000.12, 4000.3599999999997, 6000.719999999999, 8001.199999999999, 10001.8, 12002.519999999999, 12977.01431898447, 14155.43304553026, 16156.51304553026, 18157.71304553026, 20159.03304553026, 22160.47304553026, 24162.03304553026, 26163.71304553026, 28165.51304553026, 30167.43304553026, 32169.47304553026, 34171.63304553027, 36173.913045530266, 38176.31304553027, 39356.29177207606, 41358.93177207606, 43361.69177207606, 45364.57177207606, 47367.57177207606, 49370.69177207606, 51373.93177207606, 53377.29177207606, 55380.77177207606, 57384.37177207606, 59388.09177207606, 61391.93177207606, 63395.89177207606, 65399.97177207606, 67404.17177207606, 69408.49177207607, 70386.58609106054, 72391.14609106054, 74395.82609106053, 76400.62609106053, 77343.81817534401, 79348.85817534401, 81354.01817534401, 83359.29817534401, 85364.698175344, 87370.21817534401, 89375.85817534401, 91381.618175344, 93387.49817534401, 95393.49817534401, 97399.618175344, 99405.85817534401, 101412.21817534401, 103418.698175344, 105425.29817534401, 107432.01817534401, 109438.85817534401, 110623.27690188981, 112630.35690188981, 114637.55690188981, 116644.87690188982, 117829.77562843561, 119837.33562843561, 121845.0156284356, 122397.82355680678, 124405.74355680677, 126413.78355680677, 128421.94355680677, 130430.22355680677, 132438.62355680676, 134447.14355680675, 136455.78355680677, 138464.54355680678, 140473.42355680678, 142482.42355680678, 144491.54355680678, 146500.78355680677, 148510.14355680675, 149697.08228335256, 151706.68228335257, 153716.40228335257, 154903.70100989836, 156913.66100989835, 158923.74100989834, 160933.94100989835, 162944.26100989836, 164954.70100989836, 166965.26100989836, 168975.94100989835, 170986.74100989834, 172997.66100989835, 175008.70100989836, 177019.86100989836, 179031.14100989836, 179497.5831111731, 181509.10311117308, 183520.7431111731, 185532.5031111731, 187544.3831111731, 189556.3831111731]


> Exp stats. at 07/09/24-20:57
> Env settings
Mode: Primal FedAvg
n_clients=50, selected_clients=15, picked_clients=15
rounds=100, n_local_epochs=5, batch_size=32, lag_tol=2
data_dist=('N', 0.3), perf_dist=('X', None), crash_dist=('E', 0.7)
> Env details
client_shard_sizes [508 108 600 728 608 511 548 565 514 551 595 534 685 511 461 311 748 491
 697 924 240 653 647 600 920 670 668 743 461 735 468 697 768 431 631 688
 732 300 448 600 460 684 808 815 380 638 185 452 556 618]
clients_perf_vec [2.150311e+00 1.449253e+00 6.087597e-01 1.018204e+00 1.840874e-01
 1.232575e-01 8.050291e-01 2.202283e+00 1.427872e+00 1.486769e+00
 3.059691e+00 2.521963e-01 1.452026e+00 1.155421e-01 1.511384e-03
 4.697198e-01 5.852113e-01 9.600339e-01 6.559810e-01 3.957445e-01
 2.157178e-01 5.091674e-02 5.603786e+00 1.915348e+00 3.847008e+00
 6.513958e-01 3.788830e-01 4.116184e+00 2.983745e+00 8.600064e-02
 9.975734e-01 5.459264e+00 5.889370e-01 3.381748e+00 1.844157e+00
 3.966653e+00 9.644299e-01 2.390578e-01 1.667105e+00 4.481676e-01
 1.911760e-01 5.922719e-02 1.039175e+00 4.598547e+00 1.451555e+00
 1.594893e+00 5.197040e+00 2.572004e+00 4.819839e+00 3.302912e+00]
clients_crash_prob_vec [0.7, 0.7, 0.7, 0.7, 0.7, 0.7, 0.7, 0.7, 0.7, 0.7, 0.7, 0.7, 0.7, 0.7, 0.7, 0.7, 0.7, 0.7, 0.7, 0.7, 0.7, 0.7, 0.7, 0.7, 0.7, 0.7, 0.7, 0.7, 0.7, 0.7, 0.7, 0.7, 0.7, 0.7, 0.7, 0.7, 0.7, 0.7, 0.7, 0.7, 0.7, 0.7, 0.7, 0.7, 0.7, 0.7, 0.7, 0.7, 0.7, 0.7]
> Task settings
dataset: Boston, task_type: Reg
in_dim=8, out_dim=1, lr=0.000100
optimizer=SGD, loss_func=mse
Clients futile percent (avg.=0.340):
EUR: 0.087400
SR: 0.300000
VV: 0.000000
Avg. round length: 2006.0600000000006
Avg. T_dist: 6.059999999999999
Round trace: [0.5011452524044409, 0.48840758700263065, 0.4805685917844451, 0.4703550249126376, 0.45874179284887273, 0.44734309113539933, 0.44734309113539933, 0.4449944323592383, 0.4366127821696243, 0.4268239904462795, 0.4252104045166236, 0.41165544959603384, 0.40271939956781616, 0.3873194031951616, 0.37725432881560816, 0.36834388561393383, 0.3578067172444437, 0.3503118442285454, 0.34150236460304445, 0.33871369082835623, 0.33506059644711306, 0.32962929623445747, 0.3260194667546109, 0.32047309564081805, 0.31570808077915397, 0.3058858503146399, 0.2992150610340193, 0.2954846040536144, 0.2895814968156177, 0.28468564809584274, 0.28096527718088027, 0.2765242353745601, 0.27576622054520333, 0.27110064184199595, 0.264519898472077, 0.2596996707443324, 0.25385609809272014, 0.250909180673924, 0.2424094681384294, 0.24007336405938465, 0.23782123376803577, 0.23150589848512626, 0.2268906276915394, 0.22222657416739922, 0.21877171012887056, 0.21732481540256862, 0.2152965291812002, 0.2132979223716221, 0.21326878209553968, 0.21003132299391464, 0.2083856746994229, 0.20516892668360887, 0.20311861740584652, 0.1984273609341659, 0.19653877612997583, 0.19568498777633686, 0.1949756479925946, 0.1947992252731985, 0.1947992252731985, 0.1937980679314688, 0.19132934576698155, 0.18912630626728433, 0.1852049128854663, 0.1852049128854663, 0.1842288501055018, 0.1831859178029177, 0.1816017897189709, 0.1816017897189709, 0.18100596596921542, 0.18048943778558166, 0.17870316346905743, 0.17806388366528172, 0.17609228773604854, 0.17522812434055512, 0.17388155921108903, 0.17228371937649722, 0.17199741653177988, 0.1706099092880792, 0.1694310795246471, 0.16923071165671852, 0.1689569684557252, 0.16865153087830068, 0.16865153087830068, 0.16789323262625447, 0.16662885144056458, 0.16489541499474797, 0.16489541499474797, 0.1634182517290959, 0.16327508201567545, 0.16327508201567545, 0.16327508201567545, 0.1623407701672312, 0.16114862368375035, 0.16086939701110933, 0.16001962735436467, 0.16001962735436467, 0.15805236844978238, 0.15647782477669328, 0.15580982796585208, 0.1556922660764392]
accuracy trace: [0.03851365371419458, 0.06249447771444563, 0.07740561813353304, 0.09710362571956063, 0.11976029908045638, 0.14234079114126813, 0.14234079114126813, 0.14704268707027318, 0.1639364866052869, 0.18397434370702728, 0.18731941272537955, 0.21526309261769583, 0.2338201769488967, 0.26578797548215116, 0.2864796430699725, 0.30464157558043636, 0.3256368687542828, 0.3403470305626785, 0.3573752901806108, 0.3627249197563168, 0.3696261832579912, 0.3797585648088263, 0.38645214653513527, 0.3966886826788355, 0.4054803947573295, 0.42335286162803437, 0.4353161648977188, 0.4419995482309373, 0.452459518741289, 0.46110619250289164, 0.467569512624332, 0.4752002900848341, 0.4765082813013942, 0.48442843760834803, 0.49538263186968146, 0.5032966804354218, 0.5126873702996989, 0.5173248689364601, 0.5305040894292701, 0.5340279581233722, 0.5374216464817247, 0.546885651284422, 0.553745203037332, 0.5606223713396956, 0.5655752037019889, 0.5676397904356582, 0.570549714670071, 0.5733855372070317, 0.5734171551173473, 0.577993269056451, 0.5803210371595324, 0.5848161127935803, 0.587673640452496, 0.5941129022299101, 0.5967264048094534, 0.5978828608523507, 0.5988538020612822, 0.5990878200666331, 0.5990878200666331, 0.6004398655147134, 0.6037897410677933, 0.6067621256807251, 0.611921129201435, 0.611921129201435, 0.613161912321376, 0.6145157959293377, 0.6165356721574067, 0.6165356721574067, 0.6173052906230914, 0.6179671679895015, 0.6202442817740138, 0.6210632533394045, 0.6235483833198325, 0.6246033491185274, 0.6262078856550518, 0.6280875358687492, 0.6284335607672724, 0.630060362578214, 0.6314312540437719, 0.6316633664869375, 0.6319867665110686, 0.6323276449505694, 0.6323276449505694, 0.6331990987295559, 0.6346047088878249, 0.6364726096385489, 0.6364726096385489, 0.6380046623226944, 0.6381516504215107, 0.6381516504215107, 0.6381516504215107, 0.639107122622271, 0.6402933132098093, 0.6405680540144844, 0.6413858086953751, 0.6413858086953751, 0.643195881755771, 0.644577706170394, 0.6451530335411082, 0.6452497066102854]
> Pick&crash traces
Extra args(SAFA only): None
Best loss = 0.155692 at round #99
Best accuracy: 0.6452497066102854
time trace: [2000.12, 4000.3599999999997, 6000.719999999999, 8001.199999999999, 10001.8, 12002.519999999999, 14003.359999999999, 16004.319999999998, 18005.4, 20006.600000000002, 22007.920000000002, 24009.36, 26010.920000000002, 28012.600000000002, 30014.4, 32016.32, 34018.36, 36020.520000000004, 38022.8, 40025.200000000004, 42027.72, 44030.36, 46033.12, 48036.0, 50039.0, 52042.12, 54045.36, 56048.72, 58052.200000000004, 60055.8, 62059.520000000004, 64063.36, 66067.32, 68071.40000000001, 70075.6, 72079.92000000001, 74084.36000000002, 76088.92000000001, 78093.6, 80098.40000000001, 82103.32, 84108.36, 86113.52, 88118.8, 90124.2, 92129.72, 94135.36, 96141.12, 98147.0, 100153.0, 102159.12, 104165.36, 106171.72, 108178.2, 110184.8, 112191.52, 114198.36, 116205.32, 118212.40000000001, 120219.6, 122226.92000000001, 124234.36000000002, 126241.92000000001, 128249.6, 130257.40000000001, 132265.32000000004, 134273.36000000004, 136281.52000000005, 138289.80000000005, 140298.20000000004, 142306.72000000003, 144315.36000000004, 146324.12000000005, 148333.00000000006, 150342.00000000006, 152351.12000000005, 154360.36000000004, 156369.72000000003, 158379.20000000004, 160388.80000000005, 162398.52000000005, 164408.36000000004, 166418.32000000004, 168428.40000000002, 170438.60000000003, 172448.92000000004, 174459.36000000004, 176469.92000000004, 178480.60000000003, 180491.40000000002, 182502.32000000004, 184513.36000000004, 186524.52000000005, 188535.80000000005, 190547.20000000004, 192558.72000000003, 194570.36000000004, 196582.12000000005, 198594.00000000006, 200606.00000000006]


> Exp stats. at 07/10/24-22:16
> Env settings
Mode: Primal FedAvg
n_clients=50, selected_clients=15, picked_clients=15
rounds=100, n_local_epochs=10, batch_size=64, lag_tol=2
data_dist=('N', 0.3), perf_dist=('X', None), crash_dist=('E', 0.5)
> Env details
client_shard_sizes [680 524 663 661 530 387 678 474 354 415 528 575 773 737 415 787 468 748
 527 774 683 677 440 504 760 317 684 342 864 502 491 395 748 650 564 557
 513 548 980 384 493 678 414 445 701 631 554 465 410 802]
clients_perf_vec [2.150311e+00 1.449253e+00 6.087597e-01 1.018204e+00 1.840874e-01
 1.232575e-01 8.050291e-01 2.202283e+00 1.427872e+00 1.486769e+00
 3.059691e+00 2.521963e-01 1.452026e+00 1.155421e-01 1.511384e-03
 4.697198e-01 5.852113e-01 9.600339e-01 6.559810e-01 3.957445e-01
 2.157178e-01 5.091674e-02 5.603786e+00 1.915348e+00 3.847008e+00
 6.513958e-01 3.788830e-01 4.116184e+00 2.983745e+00 8.600064e-02
 9.975734e-01 5.459264e+00 5.889370e-01 3.381748e+00 1.844157e+00
 3.966653e+00 9.644299e-01 2.390578e-01 1.667105e+00 4.481676e-01
 1.911760e-01 5.922719e-02 1.039175e+00 4.598547e+00 1.451555e+00
 1.594893e+00 5.197040e+00 2.572004e+00 4.819839e+00 3.302912e+00]
clients_crash_prob_vec [0.5, 0.5, 0.5, 0.5, 0.5, 0.5, 0.5, 0.5, 0.5, 0.5, 0.5, 0.5, 0.5, 0.5, 0.5, 0.5, 0.5, 0.5, 0.5, 0.5, 0.5, 0.5, 0.5, 0.5, 0.5, 0.5, 0.5, 0.5, 0.5, 0.5, 0.5, 0.5, 0.5, 0.5, 0.5, 0.5, 0.5, 0.5, 0.5, 0.5, 0.5, 0.5, 0.5, 0.5, 0.5, 0.5, 0.5, 0.5, 0.5, 0.5]
> Task settings
dataset: Boston, task_type: Reg
in_dim=8, out_dim=1, lr=0.000100
optimizer=SGD, loss_func=mse
Clients futile percent (avg.=0.255):
EUR: 0.144200
SR: 0.300000
VV: 0.000000
Avg. round length: 2006.0600000000006
Avg. T_dist: 6.059999999999999
Round trace: [0.5023180155218301, 0.4856953934997377, 0.47398585431970824, 0.46159873526297907, 0.44623894703957107, 0.4401804187626262, 0.4263406285007775, 0.41857019038654336, 0.40249234837424536, 0.3960849641297657, 0.38702548372508705, 0.37807649816386396, 0.37617042655960314, 0.3669687942944669, 0.3615475432936448, 0.3550676444613973, 0.34552390115198406, 0.3359600608820668, 0.32769868164130744, 0.32316246952708727, 0.31778104805317764, 0.3144070853955095, 0.3071950875978931, 0.30281913152941586, 0.2978537588886247, 0.2889727265727453, 0.2842331840752958, 0.28042991152922114, 0.27603926078445884, 0.2710372724141522, 0.2678138580097599, 0.2638277985230861, 0.25845144505112294, 0.25508794191105255, 0.25140906525168893, 0.24951161913014525, 0.24470855462227714, 0.24113098561387702, 0.23895084115855036, 0.23741495613977096, 0.23340545904689383, 0.23073257348862747, 0.22771766671791455, 0.2245783501117842, 0.220731730250105, 0.21956299980913582, 0.2172181219919446, 0.21597600894751812, 0.21356503155814344, 0.2110787986716657, 0.20874849439960197, 0.20566881101943058, 0.20297134341942794, 0.20220171562119238, 0.2001465015081467, 0.19800888611143933, 0.19600684606128438, 0.1924318940782118, 0.19068592804446766, 0.18791402162423293, 0.18633831623858632, 0.18438210921979914, 0.182662928858438, 0.18116088559842325, 0.17962177946501184, 0.17689466210347188, 0.17510993876838898, 0.17400573072734662, 0.1726416907831169, 0.1712720538218787, 0.17020242029270974, 0.16874348246330004, 0.16759297788907676, 0.1661715445960995, 0.16609792485008182, 0.16448572384424714, 0.16350664493422687, 0.16224560418068604, 0.16096749920730394, 0.15957120878230724, 0.15795879869899157, 0.15784195659265374, 0.15626981080818356, 0.15626981080818356, 0.15601923229939602, 0.15526087275007663, 0.15517836930202433, 0.15460124248929974, 0.15316309466089364, 0.15298290521067232, 0.15250990147872656, 0.15250990147872656, 0.15250986796151078, 0.1518809905705529, 0.1518809905705529, 0.15160508377925963, 0.15101574149279967, 0.15004242922868113, 0.14977454603059326, 0.14939828136591696]
accuracy trace: [0.036258645149929894, 0.06746487957619132, 0.08988328323138497, 0.1139326198600919, 0.14435487797889543, 0.15651785804217536, 0.18469586164107857, 0.2006871285855733, 0.23384854256706583, 0.24725435186011688, 0.2661164273000749, 0.28455294499622047, 0.2884990605894089, 0.3072615554442148, 0.3182223956791383, 0.3311778990101994, 0.34985601308313286, 0.36804537272431853, 0.38347766671187655, 0.39190043597813173, 0.401904594743921, 0.4081061658145004, 0.4212770134947032, 0.42926706915092505, 0.4382880010299223, 0.454083053300131, 0.4624018897612202, 0.4690184441785825, 0.47655915615756167, 0.48495801462057414, 0.4903532942166384, 0.49697032421693227, 0.505838817128213, 0.5112563342860622, 0.5170960629069699, 0.5200596192538751, 0.5275046006448461, 0.5329617742700974, 0.5362734342104937, 0.5386191288591661, 0.5446544143083707, 0.5486273061216699, 0.5530800113564438, 0.5576921974968199, 0.5633170505192829, 0.5649602702887337, 0.5682624883451057, 0.5700153937643108, 0.5734699743878447, 0.5770275470681889, 0.5803114436296077, 0.5846443944235793, 0.5883706227927882, 0.5894046368265248, 0.592249108728937, 0.5951784446494113, 0.5979052397374208, 0.6027872269480519, 0.605129817633379, 0.608801709612967, 0.6108471485803868, 0.6133809999800095, 0.6155984962474205, 0.617524236644883, 0.6194848647750999, 0.6229258080027859, 0.6250887190073579, 0.626417397363562, 0.628037238703588, 0.6296464451590302, 0.6308845841382097, 0.632546269754196, 0.6338123203338847, 0.6353381144643169, 0.6354134473172226, 0.6371044442506284, 0.638107029914922, 0.6393729651057614, 0.6406109002731147, 0.6419102133141428, 0.6433452838035061, 0.6434543277843193, 0.6448053577791706, 0.6448053577791706, 0.6450198346160643, 0.6456475915187303, 0.6457170896928863, 0.6461926657674782, 0.6473443601307526, 0.6474939698190056, 0.6478639250520506, 0.6478639250520506, 0.6478656012929253, 0.648347947344513, 0.648347947344513, 0.6485670505365781, 0.6490087848209036, 0.6497297606154974, 0.6499250929619834, 0.650200163954194]
> Pick&crash traces
Extra args(SAFA only): None
Best loss = 0.149398 at round #99
Best accuracy: 0.650200163954194
time trace: [2000.12, 4000.3599999999997, 6000.719999999999, 8001.199999999999, 10001.8, 12002.519999999999, 14003.359999999999, 16004.319999999998, 18005.4, 20006.600000000002, 22007.920000000002, 24009.36, 26010.920000000002, 28012.600000000002, 30014.4, 32016.32, 34018.36, 36020.520000000004, 38022.8, 40025.200000000004, 42027.72, 44030.36, 46033.12, 48036.0, 50039.0, 52042.12, 54045.36, 56048.72, 58052.200000000004, 60055.8, 62059.520000000004, 64063.36, 66067.32, 68071.40000000001, 70075.6, 72079.92000000001, 74084.36000000002, 76088.92000000001, 78093.6, 80098.40000000001, 82103.32, 84108.36, 86113.52, 88118.8, 90124.2, 92129.72, 94135.36, 96141.12, 98147.0, 100153.0, 102159.12, 104165.36, 106171.72, 108178.2, 110184.8, 112191.52, 114198.36, 116205.32, 118212.40000000001, 120219.6, 122226.92000000001, 124234.36000000002, 126241.92000000001, 128249.6, 130257.40000000001, 132265.32000000004, 134273.36000000004, 136281.52000000005, 138289.80000000005, 140298.20000000004, 142306.72000000003, 144315.36000000004, 146324.12000000005, 148333.00000000006, 150342.00000000006, 152351.12000000005, 154360.36000000004, 156369.72000000003, 158379.20000000004, 160388.80000000005, 162398.52000000005, 164408.36000000004, 166418.32000000004, 168428.40000000002, 170438.60000000003, 172448.92000000004, 174459.36000000004, 176469.92000000004, 178480.60000000003, 180491.40000000002, 182502.32000000004, 184513.36000000004, 186524.52000000005, 188535.80000000005, 190547.20000000004, 192558.72000000003, 194570.36000000004, 196582.12000000005, 198594.00000000006, 200606.00000000006]
