

> Exp stats. at 07/07/24-11:32
> Env settings
Mode: Primal FedAvg
n_clients=100, selected_clients=10, picked_clients=30
rounds=100, n_local_epochs=5, batch_size=64, lag_tol=2
data_dist=('N', 0.3), perf_dist=('X', None), crash_dist=('E', 0.1)
> Env details
client_shard_sizes [ 915  201 1113  735  823  768  583  555  900  401  517  280  758  498
  635  838  557  675  743  958  910  734  865  887 1034 1058  471  935
  578  544  688  363 1161  573  662  427 1030  455  383  745  941  820
  533 1316  604  600  793 1047  710  580 1043  358  460  478 1225  517
  870  573  544  683  565  392  560  674  552  901  611  790  734  587
  740  858  971  607  806  852  968  596  766  375  585  608  304  566
  685 1078  987  804 1223  544  767  707  801  713  293  515  398  614
  581  671]
clients_perf_vec [1.78670685 3.61546758 1.12455469 0.58001036 1.36792602 0.15279714
 4.2241505  0.42158449 0.16065346 0.4094253  0.57891631 2.49422796
 0.24164749 1.1562298  3.61817324 0.38741303 0.42987577 1.62763137
 0.74846368 0.03678731 0.12580169 0.56723018 0.54493015 2.529051
 1.25843537 1.61698604 1.29116229 1.96788972 0.43976902 0.7317974
 0.2755612  2.07847173 0.51381301 0.61815767 0.08571176 1.95765765
 0.54348357 1.01235583 0.57254573 0.52802753 2.6351492  0.01805788
 3.25212072 0.76835511 0.42928828 0.58221052 2.51590266 1.7007469
 0.98772542 0.70120081 1.01698891 0.7497477  0.73633292 0.52409727
 0.38439873 1.5951676  0.16282579 0.53412806 0.62321845 1.89656664
 0.21034192 0.22111594 0.25299746 0.63205981 1.19100348 0.09359625
 1.16459649 0.71654617 0.08017775 0.36412535 0.61846933 0.75289231
 2.1201335  0.46933431 0.31169159 1.63608679 1.49630229 1.01102899
 1.95544789 1.22693535 1.12035177 0.45502743 0.20843671 3.03377596
 1.52294823 0.90123488 0.7960799  3.73915024 1.46963343 0.9302762
 0.20989998 1.28142166 0.75899995 0.1503912  0.78526702 0.52790354
 0.41703746 0.18429105 0.87381381 0.69037624]
clients_crash_prob_vec [0.1, 0.1, 0.1, 0.1, 0.1, 0.1, 0.1, 0.1, 0.1, 0.1, 0.1, 0.1, 0.1, 0.1, 0.1, 0.1, 0.1, 0.1, 0.1, 0.1, 0.1, 0.1, 0.1, 0.1, 0.1, 0.1, 0.1, 0.1, 0.1, 0.1, 0.1, 0.1, 0.1, 0.1, 0.1, 0.1, 0.1, 0.1, 0.1, 0.1, 0.1, 0.1, 0.1, 0.1, 0.1, 0.1, 0.1, 0.1, 0.1, 0.1, 0.1, 0.1, 0.1, 0.1, 0.1, 0.1, 0.1, 0.1, 0.1, 0.1, 0.1, 0.1, 0.1, 0.1, 0.1, 0.1, 0.1, 0.1, 0.1, 0.1, 0.1, 0.1, 0.1, 0.1, 0.1, 0.1, 0.1, 0.1, 0.1, 0.1, 0.1, 0.1, 0.1, 0.1, 0.1, 0.1, 0.1, 0.1, 0.1, 0.1, 0.1, 0.1, 0.1, 0.1, 0.1, 0.1, 0.1, 0.1, 0.1, 0.1]
> Task settings
dataset: data/mnist, task_type: CNN
in_dim=28, out_dim=10, lr=0.001000
optimizer=SGD, loss_func=nllLoss
Clients futile percent (avg.=0.057):
EUR: 0.263800
SR: 0.300000
VV: 0.000000
Avg. round length: 2954.8654957615795
Avg. T_dist: 12.119999999999997
Round trace: [0.49754640436172476, 0.3583819382190704, 0.32269634653273077, 0.30374992246854865, 0.2875916245267504, 0.2761356678236098, 0.2660983691215515, 0.25986643439815155, 0.25459125600542337, 0.24583063706329886, 0.24122090373720437, 0.23822936799128847, 0.23540733324629914, 0.2309458161762782, 0.2277243068615595, 0.22328640218859624, 0.22067077829440432, 0.21881361231065927, 0.21712414166473204, 0.21546111841428844, 0.21412440580129619, 0.21098634407633823, 0.21064220550230567, 0.2078567670782407, 0.20753662707692097, 0.20468760215384615, 0.20468760215384615, 0.20310904349599562, 0.20307943974506285, 0.20047809482756113, 0.2003380096214158, 0.19811097553230464, 0.1962096130762781, 0.19562832831484928, 0.19444451976957772, 0.19357549767267132, 0.19337464818216502, 0.19238262274435586, 0.19184407618074187, 0.19022360227505364, 0.19022360227505364, 0.18885188750000223, 0.18810780710265745, 0.1876640713314215, 0.18720017537332714, 0.1860982254800342, 0.18511884185955635, 0.183108880305574, 0.183108880305574, 0.183108880305574, 0.18288465582189103, 0.18288465582189103, 0.18244961278353417, 0.18205614643579435, 0.1813273396832602, 0.1803467090371109, 0.18012303340718858, 0.18012303340718858, 0.18012303340718858, 0.17999231449195313, 0.17896252881912955, 0.17864442575829367, 0.17841437532220564, 0.17841437532220564, 0.17813970962734446, 0.17813970962734446, 0.17813970962734446, 0.17813970962734446, 0.17813970962734446, 0.17674184790892258, 0.17664748257682433, 0.17664748257682433, 0.17664748257682433, 0.17664748257682433, 0.17629061887022993, 0.17629061887022993, 0.17629061887022993, 0.17629061887022993, 0.17629061887022993, 0.17629061887022993, 0.17629061887022993, 0.1761714176705905, 0.17601341892849828, 0.17601341892849828, 0.17601341892849828, 0.17601341892849828, 0.17601341892849828, 0.17561613860371564, 0.17556342086479773, 0.17539327049610157, 0.17399378524507791, 0.17399378524507791, 0.17399378524507791, 0.17399378524507791, 0.17399378524507791, 0.17333178135185012, 0.17333178135185012, 0.17333178135185012, 0.1732446204977376, 0.1732446204977376]
accuracy trace: [0.645, 0.7335, 0.753, 0.7669, 0.7805, 0.7905, 0.7982, 0.8036, 0.807, 0.8158, 0.82, 0.8232, 0.8241, 0.8296, 0.8309, 0.8337, 0.8366, 0.838, 0.8389, 0.8407, 0.8415, 0.8438, 0.8447, 0.8447, 0.847, 0.8487, 0.8487, 0.8505, 0.8509, 0.8522, 0.8517, 0.8543, 0.8554, 0.8544, 0.856, 0.8574, 0.8562, 0.8585, 0.8585, 0.8609, 0.8609, 0.8615, 0.8613, 0.8622, 0.8626, 0.863, 0.8647, 0.8654, 0.8654, 0.8654, 0.8669, 0.8669, 0.8661, 0.8658, 0.8671, 0.8672, 0.8671, 0.8671, 0.8671, 0.8668, 0.8691, 0.8696, 0.868, 0.868, 0.8694, 0.8694, 0.8694, 0.8694, 0.8694, 0.8692, 0.8686, 0.8686, 0.8686, 0.8686, 0.871, 0.871, 0.871, 0.871, 0.871, 0.871, 0.871, 0.8711, 0.8715, 0.8715, 0.8715, 0.8715, 0.8715, 0.8711, 0.8718, 0.8706, 0.8727, 0.8727, 0.8727, 0.8727, 0.8727, 0.8733, 0.8733, 0.8733, 0.8743, 0.8743]
> Pick&crash traces
Extra args(SAFA only): None
Best loss = 0.173245 at round #98
Best accuracy: 0.8743
time trace: [3000.24, 6000.719999999999, 9001.439999999999, 12002.399999999998, 15003.599999999999, 18005.039999999997, 21006.719999999998, 24008.639999999996, 27010.799999999996, 27692.611251035094, 30695.251251035093, 33698.13125103509, 36701.25125103509, 39704.611251035094, 42708.21125103509, 45712.05125103509, 48716.13125103509, 51720.45125103509, 54725.01125103509, 57729.81125103509, 60734.85125103509, 63740.13125103509, 66745.65125103509, 69751.41125103508, 72757.41125103508, 75763.65125103509, 78770.13125103508, 81776.85125103508, 84783.81125103509, 87791.01125103509, 90798.45125103509, 93806.13125103508, 96814.05125103508, 99822.21125103509, 102830.61125103508, 105839.25125103508, 108848.13125103508, 111857.25125103508, 114866.61125103508, 117876.21125103509, 120886.05125103508, 123896.13125103508, 126906.45125103509, 129917.01125103509, 132927.81125103508, 135938.85125103508, 138950.13125103508, 141110.43583231576, 144122.19583231577, 147134.19583231577, 149295.22041359646, 152307.70041359647, 155320.42041359647, 158333.38041359646, 161346.58041359647, 164360.02041359647, 167373.70041359647, 170387.62041359648, 172550.56499487718, 175564.96499487717, 178579.60499487718, 181594.4849948772, 184609.60499487718, 186773.74957615786, 189789.34957615787, 192805.18957615786, 195821.26957615785, 198837.58957615786, 201854.14957615786, 204870.94957615784, 207887.98957615785, 210905.26957615785, 213922.78957615784, 216940.54957615785, 219958.54957615785, 222976.78957615784, 225995.26957615785, 229013.98957615785, 232032.94957615784, 235052.14957615786, 238071.58957615786, 241091.26957615785, 244111.18957615786, 247131.34957615787, 250151.74957615786, 253172.38957615788, 256193.26957615788, 259214.38957615788, 262235.7495761579, 265257.34957615787, 268279.1895761579, 271301.2695761579, 274323.5895761579, 277346.1495761579, 280368.9495761579, 283391.9895761579, 286415.2695761579, 289438.7895761579, 292462.54957615794, 295486.54957615794]


> Exp stats. at 07/07/24-13:17
> Env settings
Mode: Primal FedAvg
n_clients=100, selected_clients=10, picked_clients=30
rounds=100, n_local_epochs=5, batch_size=64, lag_tol=2
data_dist=('N', 0.3), perf_dist=('X', None), crash_dist=('E', 0.3)
> Env details
client_shard_sizes [ 908 1153  372  444  654 1001 1055  401  674  884  785  886  681  991
  994  780 1086  915  732  784  442  463  863  843  985  814  602 1224
  218  631  353  661  927  667  724  780  574  738  671  602  441  373
  730  496  606  231  314 1057  600  981  700  940  328  642  925  701
  873  583  780  311 1016  368  854  901  686  740  557  756  557  794
 1146  648  920  558  721  601  741  484  698  490  498  918  305  474
  791  434  673  504 1077  664 1033  834  725  397  485  482  591  658
  967  680]
clients_perf_vec [1.78670685 3.61546758 1.12455469 0.58001036 1.36792602 0.15279714
 4.2241505  0.42158449 0.16065346 0.4094253  0.57891631 2.49422796
 0.24164749 1.1562298  3.61817324 0.38741303 0.42987577 1.62763137
 0.74846368 0.03678731 0.12580169 0.56723018 0.54493015 2.529051
 1.25843537 1.61698604 1.29116229 1.96788972 0.43976902 0.7317974
 0.2755612  2.07847173 0.51381301 0.61815767 0.08571176 1.95765765
 0.54348357 1.01235583 0.57254573 0.52802753 2.6351492  0.01805788
 3.25212072 0.76835511 0.42928828 0.58221052 2.51590266 1.7007469
 0.98772542 0.70120081 1.01698891 0.7497477  0.73633292 0.52409727
 0.38439873 1.5951676  0.16282579 0.53412806 0.62321845 1.89656664
 0.21034192 0.22111594 0.25299746 0.63205981 1.19100348 0.09359625
 1.16459649 0.71654617 0.08017775 0.36412535 0.61846933 0.75289231
 2.1201335  0.46933431 0.31169159 1.63608679 1.49630229 1.01102899
 1.95544789 1.22693535 1.12035177 0.45502743 0.20843671 3.03377596
 1.52294823 0.90123488 0.7960799  3.73915024 1.46963343 0.9302762
 0.20989998 1.28142166 0.75899995 0.1503912  0.78526702 0.52790354
 0.41703746 0.18429105 0.87381381 0.69037624]
clients_crash_prob_vec [0.3, 0.3, 0.3, 0.3, 0.3, 0.3, 0.3, 0.3, 0.3, 0.3, 0.3, 0.3, 0.3, 0.3, 0.3, 0.3, 0.3, 0.3, 0.3, 0.3, 0.3, 0.3, 0.3, 0.3, 0.3, 0.3, 0.3, 0.3, 0.3, 0.3, 0.3, 0.3, 0.3, 0.3, 0.3, 0.3, 0.3, 0.3, 0.3, 0.3, 0.3, 0.3, 0.3, 0.3, 0.3, 0.3, 0.3, 0.3, 0.3, 0.3, 0.3, 0.3, 0.3, 0.3, 0.3, 0.3, 0.3, 0.3, 0.3, 0.3, 0.3, 0.3, 0.3, 0.3, 0.3, 0.3, 0.3, 0.3, 0.3, 0.3, 0.3, 0.3, 0.3, 0.3, 0.3, 0.3, 0.3, 0.3, 0.3, 0.3, 0.3, 0.3, 0.3, 0.3, 0.3, 0.3, 0.3, 0.3, 0.3, 0.3, 0.3, 0.3, 0.3, 0.3, 0.3, 0.3, 0.3, 0.3, 0.3, 0.3]
> Task settings
dataset: data/mnist, task_type: CNN
in_dim=28, out_dim=10, lr=0.001000
optimizer=SGD, loss_func=nllLoss
Clients futile percent (avg.=0.152):
EUR: 0.209900
SR: 0.300000
VV: 0.000000
Avg. round length: 3012.120000000001
Avg. T_dist: 12.119999999999997
Round trace: [0.483610476329213, 0.3563177117549237, 0.3224311547144537, 0.29549248873123096, 0.28067342296526543, 0.2700908586751847, 0.2580778244499649, 0.2527548650510254, 0.24399225547909734, 0.23892360557402878, 0.235043207042274, 0.2285096298583916, 0.22334590680116695, 0.22075739425846505, 0.22075739425846505, 0.21791109878605316, 0.21440841668560387, 0.21149423437459125, 0.20945132510860756, 0.20679791291625724, 0.20521672798409346, 0.20294118702127817, 0.20234313226952436, 0.19946803906666377, 0.1981687402405909, 0.19599629090815068, 0.19599629090815068, 0.19497783643645897, 0.19424402833765458, 0.19424402833765458, 0.19232769752790527, 0.19232769752790527, 0.19120960715146998, 0.18971121922419182, 0.18824338868012028, 0.18818172013298384, 0.18758898230109894, 0.1864231524740656, 0.1855899629358734, 0.18503051112645436, 0.18503051112645436, 0.1846692026207844, 0.18460296829843093, 0.18275548713636536, 0.18259947056766773, 0.1819953515478188, 0.18170187116893272, 0.18170187116893272, 0.18128626378803023, 0.18088923834672282, 0.18057842907877192, 0.17961159708634725, 0.17950961292579412, 0.17905581043802554, 0.17779192837930857, 0.17745238586958673, 0.17734419353341768, 0.17645820920754754, 0.17645820920754754, 0.17645820920754754, 0.17645820920754754, 0.17633451892861296, 0.17630808060101807, 0.17535779618294464, 0.17524981174529305, 0.17488782016870874, 0.17414453205430788, 0.17378899811651732, 0.1734198664843681, 0.1734198664843681, 0.1734198664843681, 0.1734198664843681, 0.1734198664843681, 0.1734198664843681, 0.1732032899927525, 0.1732032899927525, 0.17298560827110138, 0.17298560827110138, 0.17298560827110138, 0.17298560827110138, 0.17298560827110138, 0.17298560827110138, 0.17298560827110138, 0.17294384031503326, 0.1722789755593098, 0.1722789755593098, 0.1717034228923952, 0.1717034228923952, 0.1717034228923952, 0.1717034228923952, 0.1717034228923952, 0.1717034228923952, 0.1717034228923952, 0.17165311141320988, 0.17165311141320988, 0.17165311141320988, 0.17132806973709233, 0.17132806973709233, 0.17132806973709233, 0.1707115921222028]
accuracy trace: [0.6504, 0.7332, 0.7543, 0.7732, 0.7841, 0.7936, 0.8028, 0.8079, 0.8151, 0.8191, 0.8214, 0.8274, 0.8344, 0.8353, 0.8353, 0.8382, 0.841, 0.8418, 0.8444, 0.8466, 0.8475, 0.8496, 0.851, 0.8507, 0.8528, 0.854, 0.854, 0.8548, 0.8564, 0.8564, 0.8589, 0.8589, 0.8588, 0.8602, 0.8596, 0.8619, 0.8614, 0.8628, 0.8617, 0.8626, 0.8626, 0.8624, 0.8653, 0.8644, 0.8638, 0.8651, 0.8663, 0.8663, 0.8664, 0.8659, 0.8665, 0.867, 0.8684, 0.8672, 0.8689, 0.8697, 0.8715, 0.8721, 0.8721, 0.8721, 0.8721, 0.8691, 0.8713, 0.8714, 0.8722, 0.8714, 0.8718, 0.8731, 0.873, 0.873, 0.873, 0.873, 0.873, 0.873, 0.8744, 0.8744, 0.8736, 0.8736, 0.8736, 0.8736, 0.8736, 0.8736, 0.8736, 0.8742, 0.874, 0.874, 0.8748, 0.8748, 0.8748, 0.8748, 0.8748, 0.8748, 0.8748, 0.875, 0.875, 0.875, 0.8753, 0.8753, 0.8753, 0.8756]
> Pick&crash traces
Extra args(SAFA only): None
Best loss = 0.170712 at round #99
Best accuracy: 0.8756
time trace: [3000.24, 6000.719999999999, 9001.439999999999, 12002.399999999998, 15003.599999999999, 18005.039999999997, 21006.719999999998, 24008.639999999996, 27010.799999999996, 30013.199999999997, 33015.84, 36018.719999999994, 39021.84, 42025.2, 45028.799999999996, 48032.63999999999, 51036.719999999994, 54041.03999999999, 57045.59999999999, 60050.399999999994, 63055.439999999995, 66060.72, 69066.24, 72072.0, 75078.0, 78084.24, 81090.72, 84097.44, 87104.40000000001, 90111.6, 93119.04000000001, 96126.72, 99134.64, 102142.8, 105151.2, 108159.84, 111168.72, 114177.84, 117187.2, 120196.8, 123206.64, 126216.72, 129227.04000000001, 132237.6, 135248.4, 138259.44, 141270.72, 144282.24, 147294.0, 150306.0, 153318.24, 156330.72, 159343.44, 162356.4, 165369.6, 168383.04, 171396.72, 174410.64, 177424.80000000002, 180439.2, 183453.84000000003, 186468.72000000003, 189483.84000000003, 192499.2, 195514.80000000002, 198530.64, 201546.72, 204563.04, 207579.6, 210596.4, 213613.44, 216630.72, 219648.24, 222666.0, 225684.0, 228702.24, 231720.72, 234739.44, 237758.4, 240777.6, 243797.04, 246816.72, 249836.64, 252856.80000000002, 255877.2, 258897.84000000003, 261918.72000000003, 264939.84, 267961.2, 270982.8, 274004.64, 277026.72000000003, 280049.04000000004, 283071.60000000003, 286094.4, 289117.44, 292140.72000000003, 295164.24000000005, 298188.00000000006, 301212.00000000006]


> Exp stats. at 07/07/24-14:58
> Env settings
Mode: Primal FedAvg
n_clients=100, selected_clients=10, picked_clients=30
rounds=100, n_local_epochs=5, batch_size=64, lag_tol=2
data_dist=('N', 0.3), perf_dist=('X', None), crash_dist=('E', 0.5)
> Env details
client_shard_sizes [ 970  548  700  738  874  932  400  888  896  680  613  691  317 1016
  723  553  641  865  584 1110  605  724  881  471  683  778  914  871
  875  901  532  387 1121  555  341  577 1205  607  710  950  680  616
  288  335  254  750  836  780  541  467  677  581  763  523  803  823
  393  653  966  494 1145  642  580  694  600  455 1070  863  633  630
 1004  567  420  620  604  488  714  704  378  561  788  891  751  610
  718  885  485  560  955  511  818  995  884  883  575  698  794  624
  843  710]
clients_perf_vec [1.78670685 3.61546758 1.12455469 0.58001036 1.36792602 0.15279714
 4.2241505  0.42158449 0.16065346 0.4094253  0.57891631 2.49422796
 0.24164749 1.1562298  3.61817324 0.38741303 0.42987577 1.62763137
 0.74846368 0.03678731 0.12580169 0.56723018 0.54493015 2.529051
 1.25843537 1.61698604 1.29116229 1.96788972 0.43976902 0.7317974
 0.2755612  2.07847173 0.51381301 0.61815767 0.08571176 1.95765765
 0.54348357 1.01235583 0.57254573 0.52802753 2.6351492  0.01805788
 3.25212072 0.76835511 0.42928828 0.58221052 2.51590266 1.7007469
 0.98772542 0.70120081 1.01698891 0.7497477  0.73633292 0.52409727
 0.38439873 1.5951676  0.16282579 0.53412806 0.62321845 1.89656664
 0.21034192 0.22111594 0.25299746 0.63205981 1.19100348 0.09359625
 1.16459649 0.71654617 0.08017775 0.36412535 0.61846933 0.75289231
 2.1201335  0.46933431 0.31169159 1.63608679 1.49630229 1.01102899
 1.95544789 1.22693535 1.12035177 0.45502743 0.20843671 3.03377596
 1.52294823 0.90123488 0.7960799  3.73915024 1.46963343 0.9302762
 0.20989998 1.28142166 0.75899995 0.1503912  0.78526702 0.52790354
 0.41703746 0.18429105 0.87381381 0.69037624]
clients_crash_prob_vec [0.5, 0.5, 0.5, 0.5, 0.5, 0.5, 0.5, 0.5, 0.5, 0.5, 0.5, 0.5, 0.5, 0.5, 0.5, 0.5, 0.5, 0.5, 0.5, 0.5, 0.5, 0.5, 0.5, 0.5, 0.5, 0.5, 0.5, 0.5, 0.5, 0.5, 0.5, 0.5, 0.5, 0.5, 0.5, 0.5, 0.5, 0.5, 0.5, 0.5, 0.5, 0.5, 0.5, 0.5, 0.5, 0.5, 0.5, 0.5, 0.5, 0.5, 0.5, 0.5, 0.5, 0.5, 0.5, 0.5, 0.5, 0.5, 0.5, 0.5, 0.5, 0.5, 0.5, 0.5, 0.5, 0.5, 0.5, 0.5, 0.5, 0.5, 0.5, 0.5, 0.5, 0.5, 0.5, 0.5, 0.5, 0.5, 0.5, 0.5, 0.5, 0.5, 0.5, 0.5, 0.5, 0.5, 0.5, 0.5, 0.5, 0.5, 0.5, 0.5, 0.5, 0.5, 0.5, 0.5, 0.5, 0.5, 0.5, 0.5]
> Task settings
dataset: data/mnist, task_type: CNN
in_dim=28, out_dim=10, lr=0.001000
optimizer=SGD, loss_func=nllLoss
Clients futile percent (avg.=0.243):
EUR: 0.154300
SR: 0.300000
VV: 0.000000
Avg. round length: 3012.120000000001
Avg. T_dist: 12.119999999999997
Round trace: [0.47668868564424055, 0.3574532144892783, 0.3251752688515753, 0.3070438233046304, 0.29257484117717963, 0.27699003143679524, 0.2661670103300185, 0.2567672204361075, 0.25646442569721306, 0.24789533340647102, 0.2385762387244474, 0.2385762387244474, 0.23495935191426953, 0.23495935191426953, 0.2328371270313149, 0.22622619396306215, 0.22401295352975523, 0.22190693288686725, 0.2201750143560625, 0.2136270268715563, 0.21105122064905504, 0.21059624008905317, 0.20695482848797522, 0.20695482848797522, 0.20676874362145148, 0.2059291564165836, 0.20454491023151644, 0.20174981920917825, 0.2014934333449318, 0.2014934333449318, 0.2014934333449318, 0.1981475295467036, 0.19655522462761116, 0.19655522462761116, 0.19655522462761116, 0.19655522462761116, 0.19643953938214548, 0.1943103892427115, 0.19218998768925663, 0.1920939367640586, 0.19204671335149376, 0.19091883427898085, 0.19091883427898085, 0.19091883427898085, 0.18977773499630743, 0.18977773499630743, 0.18977773499630743, 0.18897133754051865, 0.18897133754051865, 0.1882520486762126, 0.1882520486762126, 0.1882520486762126, 0.18805427873063651, 0.1877303360530308, 0.1877303360530308, 0.1877303360530308, 0.18664495657242477, 0.1858890856809559, 0.18479773399517646, 0.18479773399517646, 0.1845360582967599, 0.18448275712629156, 0.18388588461705613, 0.1826958576398236, 0.18257353864290882, 0.1811088584948863, 0.17936412166307367, 0.17888047917116254, 0.17888047917116254, 0.17888047917116254, 0.17888047917116254, 0.17888047917116254, 0.1786427056544593, 0.17786566800411255, 0.17603188236128714, 0.17603188236128714, 0.1760007431581616, 0.1760007431581616, 0.17572829020661965, 0.17537416336827333, 0.17537416336827333, 0.1748875351981038, 0.1748875351981038, 0.1742185254763989, 0.17410175928615385, 0.17410175928615385, 0.17410175928615385, 0.17363023667002006, 0.17363023667002006, 0.17363023667002006, 0.17363023667002006, 0.17363023667002006, 0.17363023667002006, 0.17356595308652942, 0.1731287386640906, 0.17205367140649327, 0.17205367140649327, 0.17205367140649327, 0.17205367140649327, 0.17205367140649327]
accuracy trace: [0.6597, 0.7297, 0.7502, 0.7613, 0.7754, 0.787, 0.7979, 0.8079, 0.8049, 0.814, 0.8223, 0.8223, 0.8233, 0.8233, 0.8257, 0.8333, 0.8325, 0.8342, 0.8391, 0.8397, 0.8437, 0.8442, 0.8448, 0.8448, 0.8465, 0.8469, 0.8486, 0.8509, 0.8522, 0.8522, 0.8522, 0.8534, 0.8553, 0.8553, 0.8553, 0.8553, 0.8532, 0.8553, 0.8552, 0.8573, 0.8592, 0.86, 0.86, 0.86, 0.8585, 0.8585, 0.8585, 0.8594, 0.8594, 0.8585, 0.8585, 0.8585, 0.8603, 0.8613, 0.8613, 0.8613, 0.8626, 0.863, 0.8637, 0.8637, 0.8635, 0.8607, 0.8617, 0.863, 0.8634, 0.8649, 0.8646, 0.8672, 0.8672, 0.8672, 0.8672, 0.8672, 0.865, 0.867, 0.8701, 0.8701, 0.8687, 0.8687, 0.8698, 0.8706, 0.8706, 0.8725, 0.8725, 0.8703, 0.8712, 0.8712, 0.8712, 0.8727, 0.8727, 0.8727, 0.8727, 0.8727, 0.8727, 0.8708, 0.8699, 0.8706, 0.8706, 0.8706, 0.8706, 0.8706]
> Pick&crash traces
Extra args(SAFA only): None
Best loss = 0.172054 at round #95
Best accuracy: 0.8727
time trace: [3000.24, 6000.719999999999, 9001.439999999999, 12002.399999999998, 15003.599999999999, 18005.039999999997, 21006.719999999998, 24008.639999999996, 27010.799999999996, 30013.199999999997, 33015.84, 36018.719999999994, 39021.84, 42025.2, 45028.799999999996, 48032.63999999999, 51036.719999999994, 54041.03999999999, 57045.59999999999, 60050.399999999994, 63055.439999999995, 66060.72, 69066.24, 72072.0, 75078.0, 78084.24, 81090.72, 84097.44, 87104.40000000001, 90111.6, 93119.04000000001, 96126.72, 99134.64, 102142.8, 105151.2, 108159.84, 111168.72, 114177.84, 117187.2, 120196.8, 123206.64, 126216.72, 129227.04000000001, 132237.6, 135248.4, 138259.44, 141270.72, 144282.24, 147294.0, 150306.0, 153318.24, 156330.72, 159343.44, 162356.4, 165369.6, 168383.04, 171396.72, 174410.64, 177424.80000000002, 180439.2, 183453.84000000003, 186468.72000000003, 189483.84000000003, 192499.2, 195514.80000000002, 198530.64, 201546.72, 204563.04, 207579.6, 210596.4, 213613.44, 216630.72, 219648.24, 222666.0, 225684.0, 228702.24, 231720.72, 234739.44, 237758.4, 240777.6, 243797.04, 246816.72, 249836.64, 252856.80000000002, 255877.2, 258897.84000000003, 261918.72000000003, 264939.84, 267961.2, 270982.8, 274004.64, 277026.72000000003, 280049.04000000004, 283071.60000000003, 286094.4, 289117.44, 292140.72000000003, 295164.24000000005, 298188.00000000006, 301212.00000000006]


> Exp stats. at 07/07/24-15:58
> Env settings
Mode: Primal FedAvg
n_clients=100, selected_clients=10, picked_clients=30
rounds=100, n_local_epochs=5, batch_size=64, lag_tol=2
data_dist=('N', 0.3), perf_dist=('X', None), crash_dist=('E', 0.7)
> Env details
client_shard_sizes [ 602  552  630  492  781  665 1014  998 1038 1081  704  428  651  637
  515  558  865 1551  654  562  625 1014  622  567  957  921  817  584
 1001  428  825  614  693  764  633  496  733  367  425  703  540  544
  797  635  597  585  703  812  717  790  630  641  287  705  741  861
  434 1125  872  753  805  531  688  791  985  774  907  727  556  794
  710  921  750  468  635  678  672  356  472  734  804  558  343  784
  448  820  306  784  618  697  788 1057  487  503  702  542  578  820
 1021  850]
clients_perf_vec [1.78670685 3.61546758 1.12455469 0.58001036 1.36792602 0.15279714
 4.2241505  0.42158449 0.16065346 0.4094253  0.57891631 2.49422796
 0.24164749 1.1562298  3.61817324 0.38741303 0.42987577 1.62763137
 0.74846368 0.03678731 0.12580169 0.56723018 0.54493015 2.529051
 1.25843537 1.61698604 1.29116229 1.96788972 0.43976902 0.7317974
 0.2755612  2.07847173 0.51381301 0.61815767 0.08571176 1.95765765
 0.54348357 1.01235583 0.57254573 0.52802753 2.6351492  0.01805788
 3.25212072 0.76835511 0.42928828 0.58221052 2.51590266 1.7007469
 0.98772542 0.70120081 1.01698891 0.7497477  0.73633292 0.52409727
 0.38439873 1.5951676  0.16282579 0.53412806 0.62321845 1.89656664
 0.21034192 0.22111594 0.25299746 0.63205981 1.19100348 0.09359625
 1.16459649 0.71654617 0.08017775 0.36412535 0.61846933 0.75289231
 2.1201335  0.46933431 0.31169159 1.63608679 1.49630229 1.01102899
 1.95544789 1.22693535 1.12035177 0.45502743 0.20843671 3.03377596
 1.52294823 0.90123488 0.7960799  3.73915024 1.46963343 0.9302762
 0.20989998 1.28142166 0.75899995 0.1503912  0.78526702 0.52790354
 0.41703746 0.18429105 0.87381381 0.69037624]
clients_crash_prob_vec [0.7, 0.7, 0.7, 0.7, 0.7, 0.7, 0.7, 0.7, 0.7, 0.7, 0.7, 0.7, 0.7, 0.7, 0.7, 0.7, 0.7, 0.7, 0.7, 0.7, 0.7, 0.7, 0.7, 0.7, 0.7, 0.7, 0.7, 0.7, 0.7, 0.7, 0.7, 0.7, 0.7, 0.7, 0.7, 0.7, 0.7, 0.7, 0.7, 0.7, 0.7, 0.7, 0.7, 0.7, 0.7, 0.7, 0.7, 0.7, 0.7, 0.7, 0.7, 0.7, 0.7, 0.7, 0.7, 0.7, 0.7, 0.7, 0.7, 0.7, 0.7, 0.7, 0.7, 0.7, 0.7, 0.7, 0.7, 0.7, 0.7, 0.7, 0.7, 0.7, 0.7, 0.7, 0.7, 0.7, 0.7, 0.7, 0.7, 0.7, 0.7, 0.7, 0.7, 0.7, 0.7, 0.7, 0.7, 0.7, 0.7, 0.7, 0.7, 0.7, 0.7, 0.7, 0.7, 0.7, 0.7, 0.7, 0.7, 0.7]
> Task settings
dataset: data/mnist, task_type: CNN
in_dim=28, out_dim=10, lr=0.001000
optimizer=SGD, loss_func=nllLoss
Clients futile percent (avg.=0.349):
EUR: 0.089100
SR: 0.300000
VV: 0.000000
Avg. round length: 2012.1199999999997
Avg. T_dist: 12.119999999999997
Round trace: [0.4870096718470255, 0.3560505230171339, 0.32087248760603715, 0.3009012693266073, 0.28398843519105793, 0.27041320399017554, 0.260477936817067, 0.2562802628789629, 0.2525008568238644, 0.24711043854838322, 0.23951440774968688, 0.235645385567631, 0.23389261841773984, 0.2288761589243298, 0.225827962568828, 0.22543043879667915, 0.222546020109029, 0.21977699076419782, 0.21434731922972766, 0.21434731922972766, 0.21004529167924604, 0.21004529167924604, 0.20913451260186372, 0.20849307969070613, 0.20329981441157202, 0.20329981441157202, 0.20225415589979714, 0.20126454345952893, 0.20126454345952893, 0.20126454345952893, 0.19965879820642013, 0.19965879820642013, 0.1980330957231067, 0.1980330957231067, 0.1980330957231067, 0.1980330957231067, 0.1980330957231067, 0.1980330957231067, 0.1980330957231067, 0.19689526234354288, 0.19689526234354288, 0.19689526234354288, 0.19689526234354288, 0.19689526234354288, 0.19689526234354288, 0.19688233203547337, 0.19688233203547337, 0.19378226842057134, 0.1920988063798064, 0.1895586712019784, 0.1895586712019784, 0.1895586712019784, 0.1895586712019784, 0.1895586712019784, 0.1895586712019784, 0.1892543873786926, 0.1892543873786926, 0.1892543873786926, 0.1892543873786926, 0.1892543873786926, 0.18891841858625408, 0.18729732505196614, 0.18729732505196614, 0.18729732505196614, 0.18644913753157566, 0.1854758125912575, 0.18471951683929985, 0.18471951683929985, 0.18471951683929985, 0.18471951683929985, 0.18414295614333376, 0.18414295614333376, 0.18414295614333376, 0.18414295614333376, 0.18414295614333376, 0.18414295614333376, 0.183925288824808, 0.183925288824808, 0.18264852670544668, 0.18264852670544668, 0.18264852670544668, 0.18264852670544668, 0.18264852670544668, 0.18264852670544668, 0.18264852670544668, 0.18264852670544668, 0.18264852670544668, 0.18264852670544668, 0.18264852670544668, 0.18264852670544668, 0.18264852670544668, 0.18264852670544668, 0.18264852670544668, 0.18264852670544668, 0.18264852670544668, 0.18264852670544668, 0.18264852670544668, 0.18264852670544668, 0.18264852670544668, 0.18170181515103292]
accuracy trace: [0.6603, 0.7303, 0.7562, 0.7716, 0.7864, 0.8, 0.8073, 0.8087, 0.8118, 0.8143, 0.8228, 0.8236, 0.8254, 0.8282, 0.8319, 0.8295, 0.8334, 0.8356, 0.8399, 0.8399, 0.8444, 0.8444, 0.8443, 0.8439, 0.8479, 0.8479, 0.8498, 0.8496, 0.8496, 0.8496, 0.8499, 0.8499, 0.8511, 0.8511, 0.8511, 0.8511, 0.8511, 0.8511, 0.8511, 0.8527, 0.8527, 0.8527, 0.8527, 0.8527, 0.8527, 0.8536, 0.8536, 0.8557, 0.8561, 0.8591, 0.8591, 0.8591, 0.8591, 0.8591, 0.8591, 0.8615, 0.8615, 0.8615, 0.8615, 0.8615, 0.8605, 0.8611, 0.8611, 0.8611, 0.8634, 0.8635, 0.8634, 0.8634, 0.8634, 0.8634, 0.8648, 0.8648, 0.8648, 0.8648, 0.8648, 0.8648, 0.8637, 0.8637, 0.8645, 0.8645, 0.8645, 0.8645, 0.8645, 0.8645, 0.8645, 0.8645, 0.8645, 0.8645, 0.8645, 0.8645, 0.8645, 0.8645, 0.8645, 0.8645, 0.8645, 0.8645, 0.8645, 0.8645, 0.8645, 0.8667]
> Pick&crash traces
Extra args(SAFA only): None
Best loss = 0.181702 at round #99
Best accuracy: 0.8667
time trace: [2000.24, 4000.72, 6001.44, 8002.4, 10003.6, 12005.04, 14006.720000000001, 16008.640000000001, 18010.8, 20013.2, 22015.84, 24018.72, 26021.84, 28025.2, 30028.8, 32032.64, 34036.72, 36041.04, 38045.6, 40050.4, 42055.44, 44060.72, 46066.24, 48072.0, 50078.0, 52084.24, 54090.72, 56097.44, 58104.4, 60111.6, 62119.04, 64126.72, 66134.64, 68142.8, 70151.2, 72159.84, 74168.72, 76177.84, 78187.2, 80196.8, 82206.64, 84216.72, 86227.04000000001, 88237.6, 90248.40000000001, 92259.44, 94270.72, 96282.24, 98294.0, 100306.0, 102318.24, 104330.72, 106343.44, 108356.40000000001, 110369.6, 112383.04000000001, 114396.72, 116410.64, 118424.8, 120439.2, 122453.84, 124468.72, 126483.84, 128499.2, 130514.8, 132530.63999999998, 134546.71999999997, 136563.03999999998, 138579.59999999998, 140596.39999999997, 142613.43999999997, 144630.71999999997, 146648.23999999996, 148665.99999999997, 150683.99999999997, 152702.23999999996, 154720.71999999997, 156739.43999999997, 158758.39999999997, 160777.59999999998, 162797.03999999998, 164816.71999999997, 166836.63999999998, 168856.8, 170877.19999999998, 172897.84, 174918.72, 176939.84, 178961.19999999998, 180982.8, 183004.63999999998, 185026.71999999997, 187049.03999999998, 189071.59999999998, 191094.39999999997, 193117.43999999997, 195140.71999999997, 197164.23999999996, 199187.99999999997, 201211.99999999997]


> Exp stats. at 07/10/24-10:04
> Env settings
Mode: Primal FedAvg
n_clients=100, selected_clients=30, picked_clients=30
rounds=50, n_local_epochs=5, batch_size=40, lag_tol=2
data_dist=('N', 0.3), perf_dist=('X', None), crash_dist=('E', 0.1)
> Env details
client_shard_sizes [ 520 1082  913  485  534  764  960  946  597  877 1070  618  528  897
  633  681  792 1321  852  978  542 1104  683  624  621  868  467  743
  501  670  924  378  687  604  798  716  765  681  703  572  705  543
  483  657  761  487  578  440  855  411  871  738  434  455  660  864
  847  824  404  477  700 1074  813  537  628  514  482  565  920  310
  623  498  870  520  747  701  794  592  794  804  770  668  910  861
 1227  924  838   53  232  733  771  530  397 1011  528  747  990  540
  627  964]
clients_perf_vec [1.78670685 3.61546758 1.12455469 0.58001036 1.36792602 0.15279714
 4.2241505  0.42158449 0.16065346 0.4094253  0.57891631 2.49422796
 0.24164749 1.1562298  3.61817324 0.38741303 0.42987577 1.62763137
 0.74846368 0.03678731 0.12580169 0.56723018 0.54493015 2.529051
 1.25843537 1.61698604 1.29116229 1.96788972 0.43976902 0.7317974
 0.2755612  2.07847173 0.51381301 0.61815767 0.08571176 1.95765765
 0.54348357 1.01235583 0.57254573 0.52802753 2.6351492  0.01805788
 3.25212072 0.76835511 0.42928828 0.58221052 2.51590266 1.7007469
 0.98772542 0.70120081 1.01698891 0.7497477  0.73633292 0.52409727
 0.38439873 1.5951676  0.16282579 0.53412806 0.62321845 1.89656664
 0.21034192 0.22111594 0.25299746 0.63205981 1.19100348 0.09359625
 1.16459649 0.71654617 0.08017775 0.36412535 0.61846933 0.75289231
 2.1201335  0.46933431 0.31169159 1.63608679 1.49630229 1.01102899
 1.95544789 1.22693535 1.12035177 0.45502743 0.20843671 3.03377596
 1.52294823 0.90123488 0.7960799  3.73915024 1.46963343 0.9302762
 0.20989998 1.28142166 0.75899995 0.1503912  0.78526702 0.52790354
 0.41703746 0.18429105 0.87381381 0.69037624]
clients_crash_prob_vec [0.1, 0.1, 0.1, 0.1, 0.1, 0.1, 0.1, 0.1, 0.1, 0.1, 0.1, 0.1, 0.1, 0.1, 0.1, 0.1, 0.1, 0.1, 0.1, 0.1, 0.1, 0.1, 0.1, 0.1, 0.1, 0.1, 0.1, 0.1, 0.1, 0.1, 0.1, 0.1, 0.1, 0.1, 0.1, 0.1, 0.1, 0.1, 0.1, 0.1, 0.1, 0.1, 0.1, 0.1, 0.1, 0.1, 0.1, 0.1, 0.1, 0.1, 0.1, 0.1, 0.1, 0.1, 0.1, 0.1, 0.1, 0.1, 0.1, 0.1, 0.1, 0.1, 0.1, 0.1, 0.1, 0.1, 0.1, 0.1, 0.1, 0.1, 0.1, 0.1, 0.1, 0.1, 0.1, 0.1, 0.1, 0.1, 0.1, 0.1, 0.1, 0.1, 0.1, 0.1, 0.1, 0.1, 0.1, 0.1, 0.1, 0.1, 0.1, 0.1, 0.1, 0.1, 0.1, 0.1, 0.1, 0.1, 0.1, 0.1]
> Task settings
dataset: data/mnist, task_type: CNN
in_dim=28, out_dim=10, lr=0.001000
optimizer=SGD, loss_func=nllLoss
Clients futile percent (avg.=0.055):
EUR: 0.254600
SR: 0.300000
VV: 0.000000
Avg. round length: 1006.12
Avg. T_dist: 6.119999999999999
Round trace: [0.5379362159797123, 0.33083418596500436, 0.2938810729448284, 0.2760596158351926, 0.255131469749269, 0.24615425880714537, 0.24167339756889708, 0.23131057642843747, 0.22811464807329074, 0.22025611405039114, 0.21921727135719815, 0.21547045257878264, 0.21280115799973937, 0.209003557813886, 0.20720358717598994, 0.20487516565742855, 0.20080556255918258, 0.19907422578957903, 0.19658623493726674, 0.19579653813074605, 0.1939417217123832, 0.19222345717561184, 0.18986365961174786, 0.1888710666015256, 0.18853742261961587, 0.1867537527191314, 0.18589366831627416, 0.18548220968971005, 0.18403590574540982, 0.1832645513302164, 0.18146476774194575, 0.18138024799155145, 0.1807640125598409, 0.18035046336396424, 0.1792115912796968, 0.17918310130019724, 0.17725288426044528, 0.17725288426044528, 0.1763689035961149, 0.17576236883318325, 0.17576236883318325, 0.1756996435539435, 0.17481491545407332, 0.17481491545407332, 0.1739636574372402, 0.1739636574372402, 0.1739636574372402, 0.17321442144317134, 0.17297838227557696, 0.17297838227557696]
accuracy trace: [0.5935, 0.7524, 0.7793, 0.7898, 0.8098, 0.8212, 0.8215, 0.8332, 0.8315, 0.8419, 0.8396, 0.8441, 0.8456, 0.8478, 0.8477, 0.8512, 0.8533, 0.855, 0.8569, 0.8569, 0.8567, 0.8574, 0.8593, 0.8607, 0.8601, 0.861, 0.8622, 0.8615, 0.864, 0.8636, 0.8655, 0.8662, 0.866, 0.867, 0.8692, 0.868, 0.8709, 0.8709, 0.8696, 0.8702, 0.8702, 0.8698, 0.8714, 0.8714, 0.873, 0.873, 0.873, 0.8731, 0.8723, 0.8723]
> Pick&crash traces
Extra args(SAFA only): None
Best loss = 0.172978 at round #48
Best accuracy: 0.8731
time trace: [1000.24, 2000.72, 3001.44, 4002.4, 5003.599999999999, 6005.039999999999, 7006.719999999999, 8008.639999999999, 9010.8, 10013.199999999999, 11015.839999999998, 12018.719999999998, 13021.839999999998, 14025.199999999999, 15028.8, 16032.64, 17036.72, 18041.04, 19045.600000000002, 20050.4, 21055.440000000002, 22060.72, 23066.24, 24072.0, 25078.0, 26084.24, 27090.72, 28097.440000000002, 29104.4, 30111.600000000002, 31119.04, 32126.72, 33134.64, 34142.8, 35151.200000000004, 36159.840000000004, 37168.72, 38177.840000000004, 39187.200000000004, 40196.8, 41206.64, 42216.72, 43227.04, 44237.6, 45248.4, 46259.44, 47270.72, 48282.24, 49294.0, 50306.0]


> Exp stats. at 07/10/24-10:29
> Env settings
Mode: Primal FedAvg
n_clients=100, selected_clients=30, picked_clients=30
rounds=50, n_local_epochs=5, batch_size=40, lag_tol=2
data_dist=('N', 0.3), perf_dist=('X', None), crash_dist=('E', 0.3)
> Env details
client_shard_sizes [ 545  545  738  605  735  915 1164  703  405  555  747  875  714  686
  274  630 1004  655  840  577  926  753  204  700  846  780  731  780
  703  883  553  455  820  501  940  274 1014  841  310  821  975  741
 1217  893  998  972  443  813  777  613  357  558  641  946  742  584
  830 1021  738  720  727  475  621  460  493 1028  618  615  856  917
 1127 1165  401   63  612  483  596  784  898  827  791  948  360  567
  927  431  338  585  598  128  622  560  693  487  501  833 1143  768
  740  888]
clients_perf_vec [1.78670685 3.61546758 1.12455469 0.58001036 1.36792602 0.15279714
 4.2241505  0.42158449 0.16065346 0.4094253  0.57891631 2.49422796
 0.24164749 1.1562298  3.61817324 0.38741303 0.42987577 1.62763137
 0.74846368 0.03678731 0.12580169 0.56723018 0.54493015 2.529051
 1.25843537 1.61698604 1.29116229 1.96788972 0.43976902 0.7317974
 0.2755612  2.07847173 0.51381301 0.61815767 0.08571176 1.95765765
 0.54348357 1.01235583 0.57254573 0.52802753 2.6351492  0.01805788
 3.25212072 0.76835511 0.42928828 0.58221052 2.51590266 1.7007469
 0.98772542 0.70120081 1.01698891 0.7497477  0.73633292 0.52409727
 0.38439873 1.5951676  0.16282579 0.53412806 0.62321845 1.89656664
 0.21034192 0.22111594 0.25299746 0.63205981 1.19100348 0.09359625
 1.16459649 0.71654617 0.08017775 0.36412535 0.61846933 0.75289231
 2.1201335  0.46933431 0.31169159 1.63608679 1.49630229 1.01102899
 1.95544789 1.22693535 1.12035177 0.45502743 0.20843671 3.03377596
 1.52294823 0.90123488 0.7960799  3.73915024 1.46963343 0.9302762
 0.20989998 1.28142166 0.75899995 0.1503912  0.78526702 0.52790354
 0.41703746 0.18429105 0.87381381 0.69037624]
clients_crash_prob_vec [0.3, 0.3, 0.3, 0.3, 0.3, 0.3, 0.3, 0.3, 0.3, 0.3, 0.3, 0.3, 0.3, 0.3, 0.3, 0.3, 0.3, 0.3, 0.3, 0.3, 0.3, 0.3, 0.3, 0.3, 0.3, 0.3, 0.3, 0.3, 0.3, 0.3, 0.3, 0.3, 0.3, 0.3, 0.3, 0.3, 0.3, 0.3, 0.3, 0.3, 0.3, 0.3, 0.3, 0.3, 0.3, 0.3, 0.3, 0.3, 0.3, 0.3, 0.3, 0.3, 0.3, 0.3, 0.3, 0.3, 0.3, 0.3, 0.3, 0.3, 0.3, 0.3, 0.3, 0.3, 0.3, 0.3, 0.3, 0.3, 0.3, 0.3, 0.3, 0.3, 0.3, 0.3, 0.3, 0.3, 0.3, 0.3, 0.3, 0.3, 0.3, 0.3, 0.3, 0.3, 0.3, 0.3, 0.3, 0.3, 0.3, 0.3, 0.3, 0.3, 0.3, 0.3, 0.3, 0.3, 0.3, 0.3, 0.3, 0.3]
> Task settings
dataset: data/mnist, task_type: CNN
in_dim=28, out_dim=10, lr=0.001000
optimizer=SGD, loss_func=nllLoss
Clients futile percent (avg.=0.168):
EUR: 0.191000
SR: 0.300000
VV: 0.000000
Avg. round length: 1006.12
Avg. T_dist: 6.119999999999999
Round trace: [0.4301957590750285, 0.31250641034649945, 0.28541810190910466, 0.268500520445739, 0.255790204436241, 0.24767452253518799, 0.238756253512554, 0.232468494558535, 0.22829149841004978, 0.2201291783619228, 0.21786573095893527, 0.21320579254555297, 0.2078017102541288, 0.20356553907228292, 0.19934465113236743, 0.19762837102994668, 0.1967078474611085, 0.1943260722932547, 0.19315552940234468, 0.19201779751535475, 0.19100091989819995, 0.18997667674133875, 0.18922678974630805, 0.18922678974630805, 0.1888864907627302, 0.1875744965873593, 0.1875744965873593, 0.1852133918225126, 0.18416716308525546, 0.18277334460839514, 0.18243555695803415, 0.18209965598792455, 0.18087930356426465, 0.18042002045129385, 0.17930481249926203, 0.1780951576317299, 0.1780228398914054, 0.17700966840853016, 0.1760039146575087, 0.1753682321123504, 0.1745981998078533, 0.1742477210002741, 0.17359697549002648, 0.17330860248548663, 0.1722059264402325, 0.1712730644411518, 0.1708926796572553, 0.17082640128884197, 0.17082640128884197, 0.17038004771958296]
accuracy trace: [0.6763, 0.7601, 0.7851, 0.7975, 0.8049, 0.8142, 0.8233, 0.8287, 0.8339, 0.839, 0.8399, 0.8424, 0.8475, 0.8505, 0.8529, 0.854, 0.8545, 0.8571, 0.8575, 0.8573, 0.8592, 0.8597, 0.8608, 0.8608, 0.8621, 0.8609, 0.8609, 0.8642, 0.8654, 0.8649, 0.8659, 0.8664, 0.8666, 0.8669, 0.8665, 0.8702, 0.8705, 0.8717, 0.8713, 0.8728, 0.8739, 0.8742, 0.8737, 0.8751, 0.8769, 0.8766, 0.8766, 0.8772, 0.8772, 0.8778]
> Pick&crash traces
Extra args(SAFA only): None
Best loss = 0.170380 at round #49
Best accuracy: 0.8778
time trace: [1000.24, 2000.72, 3001.44, 4002.4, 5003.599999999999, 6005.039999999999, 7006.719999999999, 8008.639999999999, 9010.8, 10013.199999999999, 11015.839999999998, 12018.719999999998, 13021.839999999998, 14025.199999999999, 15028.8, 16032.64, 17036.72, 18041.04, 19045.600000000002, 20050.4, 21055.440000000002, 22060.72, 23066.24, 24072.0, 25078.0, 26084.24, 27090.72, 28097.440000000002, 29104.4, 30111.600000000002, 31119.04, 32126.72, 33134.64, 34142.8, 35151.200000000004, 36159.840000000004, 37168.72, 38177.840000000004, 39187.200000000004, 40196.8, 41206.64, 42216.72, 43227.04, 44237.6, 45248.4, 46259.44, 47270.72, 48282.24, 49294.0, 50306.0]


> Exp stats. at 07/10/24-10:47
> Env settings
Mode: Primal FedAvg
n_clients=100, selected_clients=30, picked_clients=30
rounds=50, n_local_epochs=5, batch_size=40, lag_tol=2
data_dist=('N', 0.3), perf_dist=('X', None), crash_dist=('E', 0.5)
> Env details
client_shard_sizes [ 761  788  747  671  817  451  691  425  844  688  830  878  675  686
  763  638  603  870  762  437  608  988  938  497  552  373  306  658
  507  694  781  687  885  644  854  828  667  200  646  460  437  524
  530  643  863  908  550  795  425 1193  803  924  736  820  780  638
  646  650  730  715  455  860  803  555  701  967  743  521  604  498
  693  584  574  830  761  825 1233  331  767  760  931  464  592  901
  907  897  620  797  490 1197 1075  795  885  804  637  700  587  484
  626  438]
clients_perf_vec [1.78670685 3.61546758 1.12455469 0.58001036 1.36792602 0.15279714
 4.2241505  0.42158449 0.16065346 0.4094253  0.57891631 2.49422796
 0.24164749 1.1562298  3.61817324 0.38741303 0.42987577 1.62763137
 0.74846368 0.03678731 0.12580169 0.56723018 0.54493015 2.529051
 1.25843537 1.61698604 1.29116229 1.96788972 0.43976902 0.7317974
 0.2755612  2.07847173 0.51381301 0.61815767 0.08571176 1.95765765
 0.54348357 1.01235583 0.57254573 0.52802753 2.6351492  0.01805788
 3.25212072 0.76835511 0.42928828 0.58221052 2.51590266 1.7007469
 0.98772542 0.70120081 1.01698891 0.7497477  0.73633292 0.52409727
 0.38439873 1.5951676  0.16282579 0.53412806 0.62321845 1.89656664
 0.21034192 0.22111594 0.25299746 0.63205981 1.19100348 0.09359625
 1.16459649 0.71654617 0.08017775 0.36412535 0.61846933 0.75289231
 2.1201335  0.46933431 0.31169159 1.63608679 1.49630229 1.01102899
 1.95544789 1.22693535 1.12035177 0.45502743 0.20843671 3.03377596
 1.52294823 0.90123488 0.7960799  3.73915024 1.46963343 0.9302762
 0.20989998 1.28142166 0.75899995 0.1503912  0.78526702 0.52790354
 0.41703746 0.18429105 0.87381381 0.69037624]
clients_crash_prob_vec [0.5, 0.5, 0.5, 0.5, 0.5, 0.5, 0.5, 0.5, 0.5, 0.5, 0.5, 0.5, 0.5, 0.5, 0.5, 0.5, 0.5, 0.5, 0.5, 0.5, 0.5, 0.5, 0.5, 0.5, 0.5, 0.5, 0.5, 0.5, 0.5, 0.5, 0.5, 0.5, 0.5, 0.5, 0.5, 0.5, 0.5, 0.5, 0.5, 0.5, 0.5, 0.5, 0.5, 0.5, 0.5, 0.5, 0.5, 0.5, 0.5, 0.5, 0.5, 0.5, 0.5, 0.5, 0.5, 0.5, 0.5, 0.5, 0.5, 0.5, 0.5, 0.5, 0.5, 0.5, 0.5, 0.5, 0.5, 0.5, 0.5, 0.5, 0.5, 0.5, 0.5, 0.5, 0.5, 0.5, 0.5, 0.5, 0.5, 0.5, 0.5, 0.5, 0.5, 0.5, 0.5, 0.5, 0.5, 0.5, 0.5, 0.5, 0.5, 0.5, 0.5, 0.5, 0.5, 0.5, 0.5, 0.5, 0.5, 0.5]
> Task settings
dataset: data/mnist, task_type: CNN
in_dim=28, out_dim=10, lr=0.001000
optimizer=SGD, loss_func=nllLoss
Clients futile percent (avg.=0.260):
EUR: 0.142800
SR: 0.300000
VV: 0.000000
Avg. round length: 1006.12
Avg. T_dist: 6.119999999999999
Round trace: [0.40506347890198224, 0.3109955204448529, 0.2885576577341361, 0.26979341187709494, 0.2611881102807376, 0.2533114294492684, 0.24782408401974296, 0.24040833273820486, 0.2352033447769603, 0.23089863145761078, 0.226768051539969, 0.22392584661423734, 0.22248031629264972, 0.21774327824120904, 0.21354726259976378, 0.21162382951512973, 0.21058370415232186, 0.20669220869559127, 0.20669220869559127, 0.20669220869559127, 0.20669220869559127, 0.20554780714559764, 0.20271122135470862, 0.20187049896178286, 0.20187049896178286, 0.20096185270152356, 0.19945846989562516, 0.19891831899933246, 0.19764414481585427, 0.19735674245291043, 0.19470158734244092, 0.19429468592849744, 0.19254615101874442, 0.1898927297184432, 0.1898927297184432, 0.1898927297184432, 0.18924055700646045, 0.1889006139612417, 0.18889633908558084, 0.18840551329884603, 0.18829100939687934, 0.18829100939687934, 0.1876656217023292, 0.1859378742048533, 0.1859378742048533, 0.1859378742048533, 0.1859378742048533, 0.1859378742048533, 0.18568724931425404, 0.18568724931425404]
accuracy trace: [0.696, 0.7627, 0.779, 0.7935, 0.801, 0.805, 0.8117, 0.8165, 0.8211, 0.8254, 0.8298, 0.8321, 0.8331, 0.8356, 0.8396, 0.8415, 0.8434, 0.8441, 0.8441, 0.8441, 0.8441, 0.8438, 0.8454, 0.8499, 0.8499, 0.8484, 0.8513, 0.8529, 0.8535, 0.8516, 0.8557, 0.8556, 0.8551, 0.858, 0.858, 0.858, 0.8575, 0.8593, 0.8596, 0.8606, 0.8603, 0.8603, 0.8595, 0.8634, 0.8634, 0.8634, 0.8634, 0.8634, 0.8626, 0.8626]
> Pick&crash traces
Extra args(SAFA only): None
Best loss = 0.185687 at round #48
Best accuracy: 0.8634
time trace: [1000.24, 2000.72, 3001.44, 4002.4, 5003.599999999999, 6005.039999999999, 7006.719999999999, 8008.639999999999, 9010.8, 10013.199999999999, 11015.839999999998, 12018.719999999998, 13021.839999999998, 14025.199999999999, 15028.8, 16032.64, 17036.72, 18041.04, 19045.600000000002, 20050.4, 21055.440000000002, 22060.72, 23066.24, 24072.0, 25078.0, 26084.24, 27090.72, 28097.440000000002, 29104.4, 30111.600000000002, 31119.04, 32126.72, 33134.64, 34142.8, 35151.200000000004, 36159.840000000004, 37168.72, 38177.840000000004, 39187.200000000004, 40196.8, 41206.64, 42216.72, 43227.04, 44237.6, 45248.4, 46259.44, 47270.72, 48282.24, 49294.0, 50306.0]


> Exp stats. at 07/10/24-10:57
> Env settings
Mode: Primal FedAvg
n_clients=100, selected_clients=30, picked_clients=30
rounds=50, n_local_epochs=5, batch_size=40, lag_tol=2
data_dist=('N', 0.3), perf_dist=('X', None), crash_dist=('E', 0.7)
> Env details
client_shard_sizes [ 940 1008  655  664  653  388  831 1194  690  437  555  751  556 1093
  671  513  851  581  560 1091  437  761  574  725  788  795  326  428
  923 1153  644  462  561  643  732  544  620 1061  654  893  728  718
  451  764  340  703 1147  401  747  675  627  764  638  671  974  505
  833  765  607  588  634  938  383  461  368  663  480  464  787  950
  842  731  718 1028  660  847  918  370  721  688  487  625  854  600
  790  575  705 1047  608  733  796  727  741  737  793  340  788  553
 1084  714]
clients_perf_vec [1.78670685 3.61546758 1.12455469 0.58001036 1.36792602 0.15279714
 4.2241505  0.42158449 0.16065346 0.4094253  0.57891631 2.49422796
 0.24164749 1.1562298  3.61817324 0.38741303 0.42987577 1.62763137
 0.74846368 0.03678731 0.12580169 0.56723018 0.54493015 2.529051
 1.25843537 1.61698604 1.29116229 1.96788972 0.43976902 0.7317974
 0.2755612  2.07847173 0.51381301 0.61815767 0.08571176 1.95765765
 0.54348357 1.01235583 0.57254573 0.52802753 2.6351492  0.01805788
 3.25212072 0.76835511 0.42928828 0.58221052 2.51590266 1.7007469
 0.98772542 0.70120081 1.01698891 0.7497477  0.73633292 0.52409727
 0.38439873 1.5951676  0.16282579 0.53412806 0.62321845 1.89656664
 0.21034192 0.22111594 0.25299746 0.63205981 1.19100348 0.09359625
 1.16459649 0.71654617 0.08017775 0.36412535 0.61846933 0.75289231
 2.1201335  0.46933431 0.31169159 1.63608679 1.49630229 1.01102899
 1.95544789 1.22693535 1.12035177 0.45502743 0.20843671 3.03377596
 1.52294823 0.90123488 0.7960799  3.73915024 1.46963343 0.9302762
 0.20989998 1.28142166 0.75899995 0.1503912  0.78526702 0.52790354
 0.41703746 0.18429105 0.87381381 0.69037624]
clients_crash_prob_vec [0.7, 0.7, 0.7, 0.7, 0.7, 0.7, 0.7, 0.7, 0.7, 0.7, 0.7, 0.7, 0.7, 0.7, 0.7, 0.7, 0.7, 0.7, 0.7, 0.7, 0.7, 0.7, 0.7, 0.7, 0.7, 0.7, 0.7, 0.7, 0.7, 0.7, 0.7, 0.7, 0.7, 0.7, 0.7, 0.7, 0.7, 0.7, 0.7, 0.7, 0.7, 0.7, 0.7, 0.7, 0.7, 0.7, 0.7, 0.7, 0.7, 0.7, 0.7, 0.7, 0.7, 0.7, 0.7, 0.7, 0.7, 0.7, 0.7, 0.7, 0.7, 0.7, 0.7, 0.7, 0.7, 0.7, 0.7, 0.7, 0.7, 0.7, 0.7, 0.7, 0.7, 0.7, 0.7, 0.7, 0.7, 0.7, 0.7, 0.7, 0.7, 0.7, 0.7, 0.7, 0.7, 0.7, 0.7, 0.7, 0.7, 0.7, 0.7, 0.7, 0.7, 0.7, 0.7, 0.7, 0.7, 0.7, 0.7, 0.7]
> Task settings
dataset: data/mnist, task_type: CNN
in_dim=28, out_dim=10, lr=0.001000
optimizer=SGD, loss_func=nllLoss
Clients futile percent (avg.=0.367):
EUR: 0.081800
SR: 0.300000
VV: 0.000000
Avg. round length: 1006.12
Avg. T_dist: 6.119999999999999
Round trace: [0.3935843874868892, 0.30639298329324943, 0.27054919353553225, 0.26139395809741245, 0.2555611483170872, 0.24036043254250566, 0.23888038404214945, 0.233313797882625, 0.2205108267125629, 0.2205108267125629, 0.21924566305251345, 0.21510993266247563, 0.21295698381747516, 0.2113941244028863, 0.20868956111584389, 0.20758848262897556, 0.20508196755534122, 0.20508196755534122, 0.20508196755534122, 0.20508196755534122, 0.20419474489915934, 0.20160737681246935, 0.20140856327755108, 0.20140856327755108, 0.1991710839683101, 0.19881630404932155, 0.19881630404932155, 0.19840778506015025, 0.19610596580909828, 0.1959341775994925, 0.19473695455704412, 0.19473695455704412, 0.1947310050236327, 0.1947310050236327, 0.19422798841198283, 0.19235425085609864, 0.19235425085609864, 0.1920753006402935, 0.1920753006402935, 0.19137986316709288, 0.188835569396615, 0.188835569396615, 0.18791841995503217, 0.18791841995503217, 0.18791841995503217, 0.18718779673462818, 0.18718779673462818, 0.18718779673462818, 0.18718779673462818, 0.18718779673462818]
accuracy trace: [0.7316, 0.7621, 0.7931, 0.8015, 0.7983, 0.8192, 0.8187, 0.8229, 0.8373, 0.8373, 0.8375, 0.8407, 0.8428, 0.8435, 0.8453, 0.8469, 0.8481, 0.8481, 0.8481, 0.8481, 0.8501, 0.8513, 0.8539, 0.8539, 0.8522, 0.854, 0.854, 0.8545, 0.8565, 0.8552, 0.8565, 0.8565, 0.8576, 0.8576, 0.8563, 0.8585, 0.8585, 0.861, 0.861, 0.8604, 0.8619, 0.8619, 0.8626, 0.8626, 0.8626, 0.8637, 0.8637, 0.8637, 0.8637, 0.8637]
> Pick&crash traces
Extra args(SAFA only): None
Best loss = 0.187188 at round #45
Best accuracy: 0.8637
time trace: [1000.24, 2000.72, 3001.44, 4002.4, 5003.599999999999, 6005.039999999999, 7006.719999999999, 8008.639999999999, 9010.8, 10013.199999999999, 11015.839999999998, 12018.719999999998, 13021.839999999998, 14025.199999999999, 15028.8, 16032.64, 17036.72, 18041.04, 19045.600000000002, 20050.4, 21055.440000000002, 22060.72, 23066.24, 24072.0, 25078.0, 26084.24, 27090.72, 28097.440000000002, 29104.4, 30111.600000000002, 31119.04, 32126.72, 33134.64, 34142.8, 35151.200000000004, 36159.840000000004, 37168.72, 38177.840000000004, 39187.200000000004, 40196.8, 41206.64, 42216.72, 43227.04, 44237.6, 45248.4, 46259.44, 47270.72, 48282.24, 49294.0, 50306.0]
